327
7811
2 1 2 
2 3 4 
2 5 6 
2 7 8 
2 7 9 
2 10 11 
2 12 13 
2 14 15 
2 16 17 
2 18 19 
3 20 21 22 
2 23 24 
2 25 26 
2 27 28 
2 29 30 
2 31 32 
2 33 34 
2 35 36 
2 37 38 
2 39 37 
2 40 41 
2 42 24 
2 43 17 
2 44 45 
2 46 47 
2 48 47 
2 49 50 
2 51 52 
2 53 54 
2 55 56 
2 57 58 
2 59 60 
2 61 18 
2 62 63 
2 62 64 
2 38 65 
2 66 67 
2 68 69 
2 31 38 
2 31 70 
2 41 71 
2 72 73 
2 74 75 
2 76 60 
2 77 78 
2 3 31 
2 79 80 
3 46 48 47 
2 81 78 
2 58 78 
2 82 83 
2 8 9 
2 84 60 
2 85 59 
2 86 87 
3 16 43 17 
2 88 57 
2 89 90 
2 91 92 
2 41 93 
2 71 34 
2 33 93 
2 3 94 
2 95 13 
3 7 8 9 
2 96 63 
3 12 95 13 
2 70 97 
2 98 99 
2 85 11 
3 40 41 71 
2 31 97 
2 61 60 
2 33 71 
2 100 45 
2 101 76 
2 101 10 
2 102 103 
2 14 104 
2 105 106 
3 40 41 107 
2 60 30 
2 108 109 
2 110 111 
2 40 71 
2 40 93 
2 112 113 
2 101 30 
3 33 34 93 
2 12 95 
3 85 10 11 
2 114 61 
3 40 41 93 
2 77 57 
2 40 34 
2 29 61 
2 76 59 
2 115 116 
2 91 10 
2 65 117 
2 118 119 
2 120 51 
2 76 84 
2 29 85 
2 97 50 
2 117 94 
3 40 34 93 
2 79 121 
2 51 45 
2 122 123 
3 84 59 60 
2 49 97 
3 29 61 30 
3 114 61 30 
2 71 93 
2 114 50 
2 124 117 
2 125 126 
2 101 124 
2 3 97 
2 3 70 
2 3 127 
2 10 92 
2 19 116 
3 31 32 38 
3 31 32 76 
2 11 128 
2 84 59 
2 29 124 
2 38 92 
2 59 92 
2 105 76 
2 105 85 
2 129 117 
2 85 114 
2 124 50 
2 117 127 
2 102 130 
2 131 82 
2 38 49 
2 3 38 
2 106 97 
2 85 106 
2 8 132 
2 41 107 
2 58 133 
2 114 38 
2 114 116 
2 73 115 
2 73 18 
2 32 49 
2 72 115 
2 85 128 
2 32 11 
2 32 76 
3 31 76 70 
2 3 76 
2 3 85 
2 128 94 
2 73 94 
2 60 94 
2 134 89 
2 68 99 
2 8 61 
2 85 92 
2 135 121 
2 32 115 
2 73 4 
2 136 137 
2 15 108 
3 85 10 92 
3 91 85 10 
2 70 92 
2 61 32 
2 8 38 
2 29 114 
2 115 60 
3 33 34 107 
3 33 71 34 
2 3 11 
2 29 117 
3 61 32 94 
2 16 43 
2 31 76 
2 138 139 
2 72 116 
2 72 101 
4 85 106 70 92 
2 85 10 
3 3 49 11 
2 61 94 
2 19 50 
2 42 23 
2 140 136 
3 29 114 30 
2 85 84 
2 85 101 
2 141 136 
2 3 49 
2 142 137 
2 143 40 
2 106 70 
2 142 141 
3 85 101 84 
2 2 24 
3 29 115 30 
2 103 83 
3 105 85 101 
2 34 107 
2 93 107 
3 33 41 93 
3 33 71 93 
2 49 11 
2 33 143 
2 70 50 
2 144 145 
2 62 146 
2 147 24 
2 29 115 
3 103 82 83 
2 92 50 
2 105 101 
2 148 149 
2 145 150 
2 106 50 
3 102 103 130 
2 101 92 
2 38 9 
2 151 75 
2 103 24 
2 85 70 
2 85 50 
2 32 94 
3 85 128 70 
2 147 42 
2 42 75 
2 152 41 
2 101 59 
2 71 153 
2 87 55 
2 151 2 
2 103 2 
2 33 153 
2 103 153 
2 85 37 
2 154 103 
3 85 106 70 
3 105 19 92 
2 152 153 
2 128 92 
2 71 2 
2 2 153 
2 130 2 
2 23 155 
2 23 107 
3 106 70 92 
2 42 2 
2 42 74 
2 132 9 
2 140 24 
2 140 103 
3 85 70 92 
3 85 101 59 
2 23 71 
2 23 33 
2 103 82 
2 156 63 
2 157 156 
2 158 12 
2 158 159 
2 147 130 
3 147 42 74 
2 38 132 
2 160 139 
3 71 82 83 
2 161 12 
2 105 71 
2 96 157 
2 151 153 
2 145 141 
2 158 95 
2 143 128 
2 96 162 
2 163 64 
2 132 65 
2 147 105 
2 147 75 
2 42 41 
2 140 32 
2 105 102 
2 164 78 
2 12 130 
2 118 165 
2 165 159 
2 145 166 
3 7 33 71 
2 7 33 
2 7 75 
2 158 42 
2 158 64 
2 147 74 
2 146 167 
2 85 32 
2 157 63 
2 23 154 
2 103 130 
2 130 64 
2 42 82 
3 168 71 82 
2 166 141 
2 32 70 
2 169 126 
2 169 170 
2 168 71 
2 8 171 
2 68 126 
2 41 74 
2 102 74 
2 105 103 
2 172 165 
2 32 37 
2 1 143 
2 169 173 
2 174 169 
2 169 68 
2 175 176 
3 147 74 75 
2 105 93 
2 177 178 
2 32 50 
2 179 126 
2 174 126 
2 54 180 
3 77 88 57 
3 32 106 70 
2 53 169 
3 32 106 50 
2 181 182 
2 8 65 
2 183 184 
3 44 51 45 
2 120 185 
2 185 45 
3 172 74 75 
2 57 78 
2 13 93 
2 126 180 
2 54 126 
2 32 106 
2 162 25 
2 186 69 
2 125 98 
2 66 98 
2 44 51 
2 172 74 
2 176 187 
2 172 75 
2 75 54 
2 105 126 
2 182 177 
2 179 69 
2 69 45 
2 126 188 
2 169 69 
2 181 187 
2 175 78 
2 186 67 
2 179 67 
2 120 44 
2 189 139 
2 161 190 
2 177 78 
2 177 191 
2 172 153 
2 151 172 
2 192 184 
2 176 28 
2 46 48 
2 57 176 
2 57 27 
2 77 193 
2 175 57 
2 88 138 
2 88 177 
2 160 88 
2 99 194 
2 120 126 
2 160 57 
2 75 51 
2 7 45 
3 195 44 45 
2 196 45 
2 7 99 
3 179 126 188 
2 89 197 
2 89 104 
2 198 199 
2 27 177 
2 172 68 
2 138 200 
2 201 44 
2 75 53 
2 187 200 
2 195 202 
2 203 204 
2 134 113 
2 62 107 
2 181 27 
2 205 192 
3 176 177 206 
2 45 99 
2 27 193 
2 207 208 
2 196 184 
2 179 45 
2 77 187 
2 134 90 
2 175 164 
2 164 187 
2 177 206 
3 176 177 209 
2 210 133 
2 201 51 
2 211 212 
2 75 107 
2 48 134 
3 14 15 104 
2 213 214 
2 90 197 
3 8 132 65 
2 215 216 
2 140 171 
2 217 218 
2 218 219 
2 161 201 
2 61 92 
2 20 21 
2 50 4 
2 201 159 
2 48 112 
2 220 221 
2 222 6 
2 203 223 
3 32 106 4 
2 213 89 
2 181 45 
3 177 209 206 
2 9 65 
3 61 81 78 
2 75 190 
2 87 110 
2 201 184 
2 197 104 
2 213 104 
2 224 216 
2 134 104 
2 112 134 
2 14 112 
2 213 225 
2 162 120 
3 25 179 126 
3 25 179 188 
3 105 25 126 
3 201 198 184 
2 198 159 
2 140 205 
2 205 51 
2 36 226 
2 224 215 
2 61 81 
2 227 112 
2 43 122 
2 108 104 
2 43 228 
2 121 56 
2 5 109 
2 46 229 
2 123 80 
2 6 230 
2 6 225 
2 15 6 
2 62 231 
2 134 197 
2 112 89 
2 181 232 
2 205 171 
2 209 206 
2 8 233 
2 226 234 
2 176 58 
2 79 56 
2 164 58 
2 177 209 
2 85 4 
2 18 78 
3 5 108 230 
2 235 80 
2 235 43 
2 43 56 
2 148 199 
2 201 190 
2 6 197 
2 6 89 
2 6 90 
2 75 231 
2 221 139 
2 87 236 
2 86 236 
2 181 178 
2 168 41 
2 176 177 
2 79 237 
2 238 80 
2 105 239 
2 20 48 
2 240 241 
2 5 222 
3 201 198 159 
3 201 205 159 
3 201 205 184 
3 112 6 89 
2 77 58 
2 242 231 
2 7 243 
2 213 90 
2 181 133 
3 175 164 57 
2 205 159 
2 205 184 
2 244 36 
2 8 121 
2 35 226 
3 176 209 28 
2 79 228 
2 79 43 
2 79 245 
2 48 211 
2 246 247 
2 108 230 
2 201 171 
2 77 135 
2 210 221 
2 226 248 
2 132 121 
2 79 122 
2 227 214 
2 237 238 
2 140 201 
2 218 90 
2 112 90 
2 235 228 
2 164 57 
3 177 209 28 
2 15 230 
2 249 108 
2 5 213 
2 162 99 
2 79 111 
2 201 205 
2 205 198 
2 244 149 
2 244 148 
2 250 226 
2 176 209 
2 47 109 
2 177 133 
2 177 28 
2 172 195 
3 164 58 187 
2 249 22 
2 112 6 
2 251 47 
2 251 225 
2 164 55 
2 230 104 
2 193 98 
2 105 55 
3 176 177 28 
2 6 113 
2 7 20 
3 140 201 205 
3 176 28 206 
3 243 225 47 
2 226 252 
2 253 238 
2 211 78 
2 161 75 
2 48 212 
2 43 218 
3 135 16 17 
2 209 28 
2 21 249 
2 207 254 
2 179 188 
2 21 22 
2 243 225 
2 255 226 
2 55 128 
2 225 47 
2 189 78 
2 135 17 
2 23 172 
3 221 81 78 
2 135 16 
3 58 187 133 
2 195 99 
2 21 224 
2 256 250 
2 220 78 
2 226 257 
2 27 98 
2 220 81 
3 164 58 133 
2 258 88 
3 160 88 189 
3 160 88 27 
2 105 4 
2 105 37 
2 2 195 
2 3 2 
2 106 4 
2 120 194 
2 20 224 
2 259 15 
2 3 195 
2 73 106 
2 134 215 
2 221 81 
2 184 98 
2 27 58 
2 58 209 
2 37 55 
2 120 260 
2 138 178 
2 258 201 
2 28 78 
2 181 78 
2 160 78 
2 89 211 
3 181 175 206 
3 181 175 57 
2 181 176 
3 88 27 189 
2 164 27 
3 160 178 78 
2 160 177 
2 140 258 
2 58 193 
2 73 182 
2 175 88 
2 240 261 
2 220 133 
2 221 58 
2 181 221 
2 221 78 
2 14 230 
2 187 189 
3 140 258 205 
3 88 58 189 
3 88 57 58 
2 164 88 
2 160 27 
2 160 189 
2 15 262 
2 164 176 
2 191 178 
2 77 164 
2 14 197 
2 88 206 
2 179 98 
2 134 211 
2 181 191 
2 226 263 
2 259 262 
2 133 78 
3 198 159 184 
2 3 101 
2 226 120 
2 143 2 
2 143 155 
2 15 134 
2 248 184 
2 215 104 
2 37 101 
2 75 248 
2 159 184 
3 201 205 171 
2 233 121 
2 256 68 
2 68 202 
3 85 59 92 
2 2 155 
3 3 101 11 
3 140 201 171 
2 149 184 
2 33 155 
2 157 143 
2 258 205 
2 179 51 
2 264 17 
3 140 258 201 
2 154 33 
2 187 178 
2 23 2 
2 23 51 
2 121 184 
2 7 265 
2 255 149 
2 23 52 
2 62 198 
2 45 98 
2 154 155 
2 68 51 
2 105 92 
2 105 32 
2 221 206 
2 135 264 
2 226 199 
2 266 17 
2 135 266 
2 148 171 
2 127 94 
3 132 9 65 
2 135 267 
2 179 196 
2 23 179 
2 264 245 
2 196 126 
2 73 32 
2 179 68 
2 244 198 
3 8 233 121 
2 196 188 
2 209 178 
2 196 68 
3 38 132 9 
2 55 246 
3 3 101 59 
2 59 11 
2 205 264 
2 87 246 
2 7 132 
2 68 188 
3 140 258 265 
2 140 265 
2 174 100 
2 265 171 
2 59 128 
2 268 269 
3 140 201 265 
3 201 265 171 
2 270 93 
2 55 245 
2 246 245 
2 127 4 
2 23 271 
2 268 272 
2 135 245 
2 273 268 
4 140 258 205 265 
4 258 201 205 265 
2 167 95 
3 258 201 205 
2 31 85 
2 258 265 
2 205 265 
2 31 105 
2 85 76 
2 24 274 
3 3 101 76 
2 275 75 
3 31 105 32 
2 167 64 
2 23 82 
2 275 12 
3 258 205 265 
3 85 76 59 
2 155 83 
2 23 83 
3 31 85 59 
2 161 167 
2 276 245 
2 277 268 
2 277 269 
3 3 76 11 
2 271 2 
2 271 82 
3 24 274 186 
2 24 69 
3 158 167 95 
2 64 95 
2 24 186 
3 169 69 126 
3 174 169 126 
3 275 75 53 
3 2 155 24 
3 23 2 24 
2 76 11 
3 23 155 24 
2 121 245 
2 259 90 
2 155 24 
2 100 126 
3 277 268 269 
2 3 32 
2 39 94 
2 13 270 
2 158 167 
2 201 265 
3 3 92 50 
2 271 24 
3 201 205 265 
2 273 137 
2 42 54 
2 107 180 
2 137 278 
2 231 180 
2 42 180 
2 62 54 
2 266 121 
2 136 278 
2 144 278 
2 196 69 
3 196 169 69 
2 37 76 
3 13 270 93 
2 135 56 
3 135 55 56 
2 256 51 
2 12 118 
2 12 270 
2 135 55 
2 42 231 
3 31 76 94 
2 182 187 
2 76 94 
3 158 95 68 
3 158 64 95 
3 140 205 265 
2 85 94 
2 135 246 
2 82 68 
3 1 2 24 
2 69 188 
2 169 188 
2 144 273 
2 273 278 
3 135 55 246 
2 279 68 
2 83 68 
2 1 279 
3 1 2 279 
2 271 155 
3 82 83 68 
2 144 137 
3 169 69 188 
3 140 265 171 
2 144 136 
4 201 205 265 171 
2 42 107 
4 140 201 265 171 
3 158 13 270 
3 273 137 278 
2 37 94 
2 16 267 
2 271 1 
2 95 270 
3 95 13 270 
3 42 155 24 
2 272 137 
3 69 170 188 
3 42 23 24 
2 182 176 
4 95 13 270 93 
4 42 23 155 24 
2 170 188 
2 144 272 
3 42 23 155 
3 136 137 278 
4 169 69 170 188 
2 3 105 
2 105 11 
2 69 170 
3 271 1 2 
2 75 125 
2 42 155 
2 95 93 
2 32 92 
3 69 170 98 
3 69 98 99 
3 169 170 188 
2 69 99 
3 32 92 50 
2 239 236 
2 69 98 
3 169 69 170 
2 76 92 
2 55 236 
2 34 24 
2 280 137 
2 74 170 
2 169 185 
2 136 281 
2 147 170 
3 31 76 92 
3 258 201 265 
2 198 184 
3 31 85 92 
2 170 184 
2 226 282 
2 31 92 
2 255 208 
2 203 208 
2 275 283 
2 169 183 
2 169 51 
2 97 184 
2 271 131 
2 121 80 
3 192 169 188 
3 23 271 131 
2 275 119 
2 275 118 
2 75 66 
2 93 119 
2 79 284 
2 26 283 
2 183 170 
2 192 169 
2 23 74 
2 284 121 
2 32 97 
2 85 38 
2 85 49 
2 192 188 
2 131 24 
3 136 281 137 
2 203 217 
2 23 131 
2 135 80 
2 281 278 
3 198 170 184 
2 31 11 
2 131 2 
2 135 284 
2 72 236 
3 38 65 80 
3 275 118 26 
2 142 257 
3 135 284 56 
2 284 267 
2 281 137 
2 203 149 
2 198 170 
2 79 135 
2 285 148 
2 115 236 
2 144 69 
2 59 116 
2 154 131 
2 65 127 
2 183 188 
2 275 26 
2 132 281 
2 59 236 
2 38 127 
4 258 201 205 171 
2 205 98 
2 236 286 
2 72 80 
2 37 19 
2 39 97 
2 39 50 
2 79 266 
2 201 287 
2 140 287 
3 179 192 188 
2 39 19 
2 79 236 
2 217 149 
2 55 80 
2 142 69 
2 102 155 
2 3 39 
2 236 245 
2 186 52 
2 103 125 
2 263 51 
2 203 263 
2 107 231 
2 130 125 
2 266 80 
2 273 285 
2 35 208 
2 105 49 
2 3 92 
2 72 62 
2 226 170 
2 106 19 
2 76 106 
2 106 92 
2 149 282 
2 226 198 
3 275 118 119 
2 130 75 
2 37 265 
3 161 169 69 
2 186 51 
2 19 179 
2 23 102 
2 131 74 
3 161 196 69 
3 105 76 92 
3 203 51 52 
2 226 184 
3 186 51 52 
2 264 266 
2 161 69 
2 203 51 
3 38 65 127 
2 264 284 
2 73 130 
2 115 153 
2 288 153 
3 203 263 208 
3 135 80 245 
2 221 176 
2 62 100 
3 179 169 69 
2 174 188 
2 88 176 
3 179 196 69 
2 263 219 
2 1 131 
2 172 167 
2 179 169 
2 79 19 
2 177 187 
2 174 192 
2 174 125 
2 79 106 
3 153 82 68 
2 24 68 
2 28 178 
2 174 183 
2 226 183 
2 79 92 
2 55 92 
2 106 55 
3 135 56 245 
2 81 133 
2 58 177 
2 111 246 
2 19 98 
2 62 159 
2 58 206 
2 147 153 
2 210 81 
2 88 58 
2 135 110 
3 19 55 92 
2 181 164 
3 181 182 177 
3 175 176 178 
2 198 125 
2 147 83 
2 55 98 
2 219 51 
2 133 178 
2 178 92 
2 118 283 
2 58 92 
3 88 57 220 
3 88 220 221 
2 220 19 
3 77 164 78 
2 77 177 
2 173 184 
2 174 184 
2 111 82 
2 149 204 
2 19 28 
2 19 55 
2 55 45 
2 19 92 
2 220 236 
2 77 236 
3 174 184 188 
3 174 100 184 
2 175 19 
2 181 123 
2 289 78 
2 58 98 
2 80 56 
2 88 81 
3 88 57 221 
2 57 187 
2 57 220 
2 220 27 
2 164 93 
2 79 187 
2 175 209 
2 28 133 
3 88 81 78 
2 160 81 
2 289 81 
2 220 189 
4 106 19 176 177 
3 106 177 209 
2 93 184 
3 79 164 187 
3 79 187 121 
2 189 99 
2 182 209 
2 161 45 
2 220 170 
2 160 220 
2 21 6 
2 290 150 
2 100 184 
2 106 177 
2 169 45 
2 175 187 
2 285 272 
3 174 98 99 
3 196 69 45 
2 81 121 
2 19 81 
2 191 245 
2 88 220 
2 150 104 
2 275 270 
3 175 57 78 
2 174 98 
2 259 103 
3 88 220 19 
2 112 108 
3 226 130 198 
2 35 51 
2 222 47 
3 86 55 246 
2 19 139 
2 62 69 
2 168 24 
2 168 103 
2 35 252 
2 62 45 
2 168 33 
2 230 229 
2 173 170 
2 188 99 
3 175 65 127 
3 262 19 138 
3 31 105 76 
2 174 170 
2 106 206 
2 256 184 
2 21 19 
3 19 138 200 
3 19 139 200 
2 256 198 
2 174 99 
2 168 154 
2 256 125 
2 291 292 
2 207 212 
2 21 262 
3 262 138 200 
2 150 214 
2 184 188 
2 257 219 
2 207 150 
2 112 213 
3 19 138 139 
3 21 262 19 
3 125 98 99 
2 168 107 
2 173 98 
2 293 150 
2 19 138 
3 222 19 139 
2 281 109 
2 285 112 
2 248 219 
2 19 231 
2 75 294 
2 222 19 
2 225 295 
2 108 22 
2 262 19 
2 62 190 
2 21 139 
2 5 108 
2 237 286 
2 18 219 
2 238 286 
3 138 139 200 
4 19 138 139 200 
2 175 222 
2 167 212 
2 19 286 
2 222 238 
2 21 222 
2 173 99 
2 219 184 
2 222 139 
2 262 222 
2 267 245 
2 19 238 
2 262 138 
2 222 138 
2 66 125 
2 21 47 
2 237 139 
2 238 200 
2 139 200 
3 237 238 200 
3 238 200 286 
3 237 139 200 
2 139 47 
2 19 200 
3 218 296 234 
2 147 294 
2 208 296 
2 218 296 
2 31 49 
3 31 49 11 
4 3 31 49 11 
2 40 219 
2 244 297 
2 12 26 
2 259 47 
2 296 51 
2 222 200 
2 248 296 
2 259 21 
2 148 263 
2 118 26 
2 218 208 
2 218 234 
2 38 149 
3 75 66 125 
2 15 47 
3 31 85 101 
3 31 85 76 
2 270 119 
3 31 76 59 
2 105 59 
2 31 59 
3 85 76 94 
3 31 85 94 
2 264 267 
2 208 234 
2 125 53 
2 155 107 
2 41 219 
3 23 107 24 
3 42 23 107 
3 42 107 24 
2 175 58 
3 23 155 107 
2 86 246 
2 86 55 
2 296 234 
2 62 196 
2 294 219 
2 86 286 
2 86 238 
2 37 78 
4 42 155 24 68 
2 155 34 
2 71 24 
2 34 68 
3 42 23 68 
2 12 283 
2 155 68 
2 12 119 
2 46 134 
2 294 153 
2 210 189 
2 19 236 
2 23 68 
2 87 286 
2 259 222 
3 86 87 286 
3 86 55 286 
2 55 238 
4 86 87 55 286 
2 220 58 
3 87 55 286 
2 95 119 
2 187 80 
2 164 80 
2 224 211 
2 227 211 
2 16 56 
3 123 80 56 
2 227 224 
2 85 221 
3 86 235 55 
3 86 235 286 
3 210 39 37 
3 235 55 286 
2 123 56 
2 29 211 
2 235 264 
2 66 53 
2 135 123 
2 62 202 
3 160 29 189 
2 259 251 
2 259 139 
2 235 18 
3 37 207 254 
2 251 36 
2 251 166 
2 251 207 
3 251 112 215 
2 36 218 
2 71 155 
2 112 215 
2 243 251 
2 163 63 
2 243 141 
3 105 178 92 
2 283 155 
2 87 70 
3 26 283 155 
2 93 24 
2 26 155 
2 251 145 
2 105 178 
2 235 135 
2 251 141 
2 213 215 
2 227 216 
2 107 24 
2 168 68 
2 201 75 
4 87 106 176 177 
3 106 176 177 
2 87 177 
3 155 24 68 
3 168 155 68 
3 168 71 155 
2 263 265 
3 168 23 155 
2 87 106 
2 55 286 
2 248 257 
2 168 23 
2 44 188 
2 168 34 
2 112 298 
2 81 58 
3 87 106 177 
2 158 119 
2 210 58 
3 224 215 216 
2 101 178 
2 227 215 
3 112 6 298 
2 158 270 
2 76 178 
3 6 213 298 
3 175 16 123 
3 106 177 206 
3 112 6 213 
2 175 16 
2 175 123 
3 168 23 24 
2 126 98 
3 87 176 177 
2 6 213 
3 268 166 269 
3 268 145 269 
3 175 123 80 
3 168 154 71 
3 168 154 34 
2 12 44 
2 44 260 
2 207 51 
4 268 145 166 269 
3 277 268 145 
2 20 216 
2 6 298 
2 106 176 
2 25 176 
2 175 80 
2 126 99 
2 87 176 
3 20 215 216 
2 177 75 
2 154 71 
2 16 123 
3 175 16 80 
4 168 154 71 68 
4 227 20 215 216 
4 20 224 215 216 
2 154 24 
3 227 215 216 
3 168 71 68 
3 168 154 68 
2 154 34 
2 42 152 
3 227 224 216 
3 112 213 298 
2 106 187 
2 91 177 
2 42 154 
2 13 159 
2 20 215 
4 175 16 123 80 
2 227 132 
2 51 180 
3 106 176 206 
2 55 247 
3 227 6 298 
3 227 112 6 
2 168 155 
4 106 176 177 206 
2 186 180 
4 277 268 145 166 
2 91 101 
2 294 183 
2 262 47 
2 145 269 
2 268 145 
4 112 6 213 298 
3 166 292 269 
3 23 71 24 
2 223 218 
2 19 84 
3 145 166 292 
2 71 107 
2 31 94 
2 76 70 
2 187 123 
2 165 194 
2 225 266 
2 227 165 
2 283 119 
2 178 70 
2 91 178 
2 201 269 
2 184 180 
2 52 184 
3 168 71 107 
2 166 292 
2 268 292 
2 166 269 
2 274 194 
2 227 75 
2 268 265 
2 134 225 
2 259 138 
2 165 119 
4 201 145 166 269 
2 75 34 
2 88 200 
2 134 230 
2 176 206 
2 276 267 
3 101 76 84 
2 75 155 
2 94 70 
2 187 267 
2 71 68 
2 174 173 
3 277 268 265 
2 207 296 
2 101 84 
3 174 126 194 
2 170 180 
2 287 171 
2 77 266 
2 299 19 
2 233 19 
2 88 267 
2 42 68 
2 51 184 
2 140 280 
3 140 287 171 
2 268 280 
3 277 268 292 
2 126 194 
2 174 194 
2 294 234 
2 256 88 
3 170 184 180 
2 287 292 
2 19 300 
2 275 165 
3 168 41 68 
2 91 76 
3 174 126 98 
3 277 268 280 
3 201 166 269 
2 227 262 
2 299 140 
4 140 287 265 171 
2 86 261 
2 96 165 
2 159 45 
2 77 121 
2 8 280 
2 40 68 
2 277 280 
2 40 24 
3 88 139 200 
3 259 21 222 
2 256 296 
2 289 121 
2 21 15 
2 203 6 
2 213 230 
2 96 275 
2 168 75 
2 37 68 
2 96 119 
3 140 287 265 
2 288 300 
3 21 262 222 
2 96 283 
2 112 216 
2 6 215 
2 77 81 
2 54 231 
3 29 60 94 
2 217 248 
2 160 200 
2 216 298 
3 21 262 47 
2 88 139 
3 287 265 171 
2 288 171 
2 288 166 
2 3 59 
3 3 29 105 
3 3 39 29 
2 6 216 
2 94 4 
2 49 94 
2 8 277 
2 243 45 
4 140 265 171 301 
2 300 301 
2 44 170 
2 233 292 
2 174 51 
2 268 161 
2 12 172 
2 157 159 
2 288 287 
3 3 94 4 
2 203 69 
3 49 94 4 
3 112 134 215 
2 144 258 
2 288 301 
3 44 170 188 
3 44 170 184 
2 226 219 
3 145 166 269 
2 269 159 
2 29 37 
2 29 60 
2 288 159 
2 184 231 
2 134 216 
2 62 269 
2 86 68 
2 215 298 
2 233 280 
2 233 268 
2 299 258 
2 299 288 
3 29 84 60 
2 154 75 
2 225 230 
2 146 63 
2 114 117 
2 12 165 
2 195 125 
2 145 280 
2 274 192 
2 255 219 
2 287 265 
2 287 166 
2 96 95 
2 14 225 
2 196 169 
2 89 230 
2 8 62 
2 53 186 
2 68 45 
2 44 184 
2 268 142 
2 105 176 
3 144 233 292 
3 299 258 288 
2 100 51 
2 227 20 
2 274 185 
2 192 185 
2 225 212 
2 29 59 
2 52 45 
2 105 177 
2 177 196 
3 258 288 201 
2 235 69 
2 21 157 
2 23 93 
2 280 265 
2 166 171 
3 112 6 215 
2 203 226 
3 14 134 225 
3 105 106 177 
3 105 106 176 
2 89 225 
2 299 205 
2 66 174 
2 250 13 
2 140 301 
2 277 145 
3 101 84 59 
3 29 84 59 
2 268 300 
2 100 179 
2 287 280 
2 141 265 
2 144 142 
3 106 250 176 
2 259 197 
2 205 301 
2 196 99 
3 8 233 292 
2 68 98 
2 141 301 
2 44 69 
3 44 52 184 
2 140 142 
2 233 269 
2 51 69 
2 211 108 
3 151 75 155 
3 29 101 59 
2 88 78 
2 96 12 
2 243 134 
2 144 300 
2 180 99 
2 211 298 
3 112 215 216 
2 51 202 
3 75 71 34 
3 12 13 159 
2 151 155 
2 155 93 
3 174 184 45 
2 271 103 
3 174 100 45 
2 179 180 
3 3 49 4 
2 3 124 
2 275 156 
3 134 225 212 
2 144 269 
3 169 51 69 
2 302 106 
2 268 205 
2 248 282 
2 250 248 
3 174 45 99 
2 8 145 
2 100 68 
2 42 83 
2 287 142 
3 101 84 60 
3 271 130 24 
2 174 69 
2 235 123 
3 145 166 141 
3 134 89 230 
3 302 106 189 
3 105 106 206 
3 105 302 106 
2 205 280 
3 66 45 98 
3 173 45 98 
2 152 75 
2 21 214 
2 247 286 
3 29 101 60 
3 102 103 83 
2 130 155 
2 130 82 
2 130 131 
2 224 109 
3 102 103 82 
2 37 124 
2 136 171 
2 33 103 
2 77 221 
3 112 6 216 
2 292 137 
2 62 156 
2 164 221 
3 105 106 189 
3 106 177 189 
2 292 278 
2 181 175 
2 302 206 
2 8 285 
2 8 292 
2 250 282 
2 42 1 
2 1 152 
2 256 207 
2 211 229 
2 1 75 
3 29 59 60 
2 1 83 
3 85 32 50 
2 16 80 
2 49 4 
2 196 202 
2 126 45 
2 103 131 
4 112 6 215 216 
2 134 212 
3 68 69 188 
2 274 169 
2 88 106 
2 158 118 
3 273 140 287 
2 273 171 
2 265 278 
2 285 278 
2 35 263 
3 39 37 124 
2 265 303 
2 82 24 
2 29 101 
2 105 302 
2 88 302 
2 36 263 
2 36 249 
2 188 304 
2 236 111 
3 88 106 176 
2 106 178 
2 222 197 
2 15 250 
2 100 98 
2 298 229 
2 79 109 
2 227 108 
2 131 83 
2 20 108 
2 302 133 
2 15 219 
2 118 159 
2 285 291 
3 273 285 301 
2 25 283 
3 35 36 263 
2 74 34 
2 105 189 
2 120 184 
2 37 106 
2 214 104 
2 88 187 
2 154 130 
2 130 34 
2 15 36 
2 208 254 
2 289 220 
3 6 89 215 
2 273 301 
2 75 2 
2 130 24 
2 208 294 
2 131 155 
2 21 112 
2 14 243 
2 15 106 
2 196 194 
2 146 190 
2 69 126 
2 170 126 
2 21 216 
2 305 136 
2 147 71 
2 195 67 
3 68 170 126 
2 305 301 
3 21 112 215 
2 110 238 
2 140 305 
2 21 225 
2 224 108 
2 285 300 
2 36 281 
2 45 188 
3 236 111 247 
2 222 306 
2 111 286 
3 68 69 126 
3 140 287 142 
2 251 298 
2 226 281 
2 5 226 
2 299 305 
2 259 104 
2 20 262 
2 281 282 
2 239 253 
3 135 55 121 
2 135 239 
3 21 6 216 
3 21 112 6 
3 112 6 134 
2 135 236 
2 135 111 
2 145 278 
2 255 250 
3 68 69 170 
2 142 303 
2 75 24 
2 240 245 
2 203 36 
3 6 134 215 
2 243 295 
2 67 98 
2 276 240 
2 268 141 
2 258 288 
3 21 6 215 
3 21 112 216 
2 280 141 
2 46 215 
2 291 301 
2 5 255 
3 21 215 216 
4 6 134 89 230 
2 268 281 
2 150 171 
2 171 281 
4 21 112 215 216 
2 67 173 
2 233 132 
3 6 134 225 
3 6 134 89 
2 48 295 
2 11 129 
2 124 129 
2 67 99 
2 150 9 
2 249 216 
2 89 22 
3 124 11 129 
2 145 171 
2 112 212 
2 225 216 
2 3 50 
2 91 59 
2 5 134 
2 174 68 
3 29 115 60 
2 284 122 
2 196 274 
2 5 113 
2 221 133 
2 239 261 
2 305 205 
2 67 68 
2 134 22 
2 66 195 
2 249 134 
3 276 267 245 
2 203 35 
2 225 22 
3 67 173 98 
2 46 225 
2 249 89 
2 237 110 
2 48 249 
2 43 80 
2 14 134 
2 14 89 
2 14 48 
2 22 212 
2 2 279 
2 271 93 
2 89 212 
2 42 153 
2 177 200 
2 136 292 
2 168 130 
2 66 45 
2 48 89 
3 75 2 279 
2 48 225 
2 62 275 
2 293 9 
2 75 93 
2 9 171 
2 271 75 
3 249 134 89 
2 299 268 
4 249 134 89 22 
2 249 212 
2 187 209 
2 161 146 
2 75 153 
2 84 92 
3 96 62 63 
2 14 215 
2 14 216 
3 12 95 270 
2 284 80 
2 37 115 
2 213 113 
2 140 292 
2 243 215 
2 175 191 
2 215 225 
3 243 215 225 
2 145 281 
2 217 223 
3 77 81 78 
2 21 113 
2 173 188 
2 29 84 
2 302 57 
2 115 84 
3 115 84 60 
2 243 216 
2 95 159 
2 85 60 
3 29 85 59 
2 114 73 
2 32 4 
3 85 59 60 
2 73 38 
2 114 127 
4 114 73 38 65 
2 30 117 
2 61 73 
2 61 65 
2 72 61 
3 114 65 127 
3 12 13 270 
2 39 124 
4 72 114 61 73 
3 114 61 73 
2 72 114 
2 19 127 
2 31 106 
3 73 18 19 
4 31 76 106 70 
3 31 105 70 
4 18 19 65 127 
2 73 19 
3 76 106 70 
3 31 106 70 
3 18 65 127 
3 18 19 127 
2 102 33 
2 105 70 
2 61 19 
3 72 114 61 
2 73 117 
3 31 76 106 
2 160 206 
2 73 116 
2 168 102 
3 174 68 69 
3 73 116 117 
2 258 285 
2 116 117 
2 18 127 
2 115 59 
2 145 292 
2 273 300 
4 29 85 115 59 
3 85 101 115 
2 101 60 
2 292 301 
2 287 303 
3 32 49 50 
2 10 94 
2 91 115 
2 39 32 
2 142 171 
3 81 58 78 
3 29 115 59 
2 273 258 
2 39 85 
2 60 92 
2 3 37 
2 265 292 
4 91 32 49 11 
2 49 70 
3 18 19 117 
2 278 301 
3 181 175 191 
2 291 132 
2 160 138 
3 140 142 171 
2 305 303 
2 288 201 
2 291 307 
2 144 205 
2 288 205 
2 233 291 
2 233 293 
4 114 61 116 117 
2 288 280 
2 265 307 
2 287 307 
2 38 70 
2 273 292 
3 273 305 171 
3 273 142 171 
3 299 205 280 
3 299 288 205 
3 8 132 9 
2 290 293 
3 140 305 171 
2 150 281 
2 270 159 
2 235 16 
2 291 142 
2 76 10 
3 140 142 269 
2 299 136 
2 144 299 
2 280 136 
2 280 300 
2 144 201 
3 258 205 280 
2 166 205 
2 183 185 
2 272 301 
2 142 269 
2 128 97 
3 288 201 141 
3 285 145 166 
2 305 280 
3 140 205 171 
2 31 65 
3 299 305 301 
3 288 305 301 
2 280 301 
2 166 142 
2 105 128 
2 287 269 
2 268 287 
2 288 272 
2 201 141 
2 9 265 
2 201 281 
2 76 128 
3 299 145 269 
3 299 288 269 
2 11 50 
2 73 30 
2 120 100 
3 114 61 116 
2 287 300 
2 144 305 
3 72 114 116 
2 72 117 
2 132 300 
3 290 141 265 
2 132 136 
2 290 141 
2 290 132 
2 9 281 
2 205 136 
2 201 291 
2 290 268 
3 215 225 216 
2 142 281 
2 305 272 
2 285 166 
2 171 303 
3 305 272 136 
2 272 280 
2 272 278 
2 280 278 
2 61 116 
2 201 300 
2 145 287 
4 145 287 142 269 
2 291 300 
3 305 272 280 
4 287 205 142 269 
4 145 287 205 269 
3 287 205 142 
2 145 205 
2 287 205 
2 205 142 
2 292 300 
2 280 303 
2 303 269 
3 201 292 300 
2 201 292 
2 140 303 
2 243 46 
3 120 44 51 
2 144 301 
2 12 159 
3 120 44 184 
2 8 136 
2 233 171 
2 203 255 
2 143 152 
2 46 212 
2 10 97 
3 201 291 300 
2 233 136 
2 233 205 
2 131 279 
2 233 305 
2 19 117 
4 12 118 13 159 
2 294 198 
2 21 134 
2 102 2 
2 2 82 
2 1 82 
2 75 279 
2 1 155 
2 102 83 
4 12 95 13 270 
2 103 155 
2 23 153 
2 23 41 
2 130 40 
2 75 83 
3 154 71 83 
2 75 71 
2 168 153 
2 71 83 
2 103 71 
2 102 75 
2 266 284 
2 23 130 
2 33 75 
3 61 73 116 
2 168 82 
3 102 75 155 
3 102 151 75 
3 147 75 155 
2 103 75 
3 168 131 71 
2 155 153 
2 102 153 
2 152 24 
2 1 153 
2 23 152 
2 291 303 
2 161 172 
3 140 287 136 
2 233 201 
2 46 89 
2 233 265 
2 102 82 
3 134 89 225 
2 170 304 
2 216 212 
2 18 117 
2 72 30 
3 114 73 116 
2 19 30 
2 272 136 
2 136 301 
2 61 117 
2 14 249 
3 114 61 117 
2 105 97 
2 195 44 
2 8 205 
2 8 268 
2 37 129 
3 37 101 92 
3 101 59 92 
2 91 129 
2 91 37 
3 144 305 136 
2 84 4 
2 60 4 
2 39 129 
2 32 101 
3 243 215 216 
2 144 280 
2 144 277 
2 203 250 
2 175 177 
3 77 181 164 
3 77 181 175 
2 77 176 
3 19 30 117 
3 91 129 92 
2 32 59 
2 32 60 
2 11 4 
2 175 189 
3 32 76 94 
3 105 76 94 
2 114 94 
2 8 201 
2 8 300 
2 68 170 
3 44 51 52 
2 164 178 
2 124 4 
3 88 220 58 
3 175 176 187 
2 91 116 
2 68 173 
2 160 58 
3 105 85 59 
2 105 124 
3 85 38 59 
3 124 129 117 
2 85 61 
2 60 127 
2 274 69 
2 179 170 
3 88 302 57 
2 124 38 
2 77 106 
2 111 247 
2 105 248 
2 248 4 
3 68 173 69 
3 160 220 58 
3 160 57 58 
3 79 55 246 
2 86 247 
2 187 127 
2 88 189 
2 135 302 
2 302 178 
2 18 116 
2 178 78 
2 58 189 
3 77 106 177 
3 76 10 59 
2 84 94 
2 210 101 
2 101 138 
2 302 176 
2 61 127 
2 30 116 
2 55 117 
4 86 55 246 286 
2 124 94 
2 124 19 
2 40 75 
2 68 194 
2 276 43 
2 185 180 
2 29 209 
2 114 30 
2 73 127 
2 174 45 
2 124 18 
3 91 76 10 
3 91 85 76 
2 169 44 
2 175 127 
2 206 4 
3 302 176 209 
3 114 30 116 
3 12 179 45 
2 61 170 
3 106 177 286 
3 86 246 286 
2 120 174 
3 77 164 127 
2 68 44 
2 44 126 
2 276 122 
2 29 58 
2 184 45 
2 232 191 
2 305 287 
3 77 164 58 
2 60 70 
2 65 45 
2 275 167 
2 186 185 
3 302 176 28 
3 29 114 115 
2 29 116 
4 85 76 10 59 
4 91 85 76 59 
3 73 30 116 
2 201 115 
2 131 45 
4 77 164 58 127 
2 133 94 
2 114 106 
2 158 275 
2 163 275 
2 96 62 
3 38 65 45 
2 275 172 
2 192 183 
4 72 73 115 30 
2 12 247 
3 114 129 117 
2 289 266 
2 302 28 
2 158 62 
3 164 58 127 
2 58 245 
2 256 294 
2 38 177 
2 87 121 
2 28 240 
3 77 164 245 
3 100 169 68 
2 163 118 
2 62 13 
2 91 85 
2 160 133 
2 75 121 
2 12 63 
2 12 202 
2 240 121 
2 266 253 
3 195 174 45 
3 302 28 240 
4 77 164 127 245 
2 181 206 
2 248 297 
3 206 178 92 
2 276 79 
2 227 222 
3 49 97 50 
2 302 177 
2 13 184 
2 275 95 
3 144 287 142 
2 207 248 
2 250 207 
2 207 234 
3 97 50 4 
2 87 241 
3 87 240 121 
2 121 170 
2 302 240 
3 210 101 221 
2 144 287 
2 163 167 
2 226 294 
3 203 36 207 
2 35 207 
2 268 305 
3 164 58 245 
3 203 36 294 
2 97 4 
2 256 255 
2 108 187 
3 55 246 286 
3 135 38 56 
4 77 164 58 245 
2 101 221 
2 163 194 
2 308 198 
3 135 38 65 
2 35 250 
2 35 256 
2 61 172 
2 256 36 
3 158 275 95 
3 68 173 126 
2 276 80 
2 207 294 
2 268 136 
4 196 184 202 45 
2 148 297 
2 15 222 
3 85 10 59 
2 169 184 
2 106 126 
4 135 38 65 56 
3 91 76 60 
2 276 253 
2 9 214 
2 239 247 
2 29 12 
3 76 59 60 
2 296 297 
2 223 296 
2 184 202 
3 210 101 220 
2 103 143 
2 100 169 
2 198 296 
3 160 88 133 
2 207 297 
2 196 51 
3 172 167 63 
2 43 123 
3 15 262 222 
2 38 56 
2 101 220 
2 148 254 
2 158 172 
2 276 187 
2 148 207 
4 85 76 59 60 
2 148 296 
2 172 63 
2 164 245 
2 88 38 
4 76 10 59 60 
3 106 169 126 
3 106 100 126 
3 305 287 142 
2 298 47 
3 120 51 45 
3 227 262 222 
3 105 169 126 
2 160 38 
2 218 294 
2 102 71 
3 101 220 221 
2 86 94 
2 70 4 
2 105 169 
2 181 309 
2 102 68 
2 105 173 
3 277 305 280 
3 227 259 222 
3 76 59 92 
3 305 280 136 
3 105 100 169 
2 58 65 
2 277 305 
2 217 207 
2 167 51 
2 84 261 
2 90 104 
3 86 286 56 
2 87 240 
2 196 260 
2 202 45 
3 158 167 51 
2 39 232 
2 305 269 
3 85 76 92 
2 105 100 
3 86 228 286 
3 259 15 222 
3 85 76 60 
2 256 223 
2 135 189 
4 76 10 59 92 
3 268 305 142 
2 142 280 
3 259 222 47 
2 117 4 
3 88 189 133 
2 38 189 
3 144 142 136 
4 160 88 189 133 
2 160 135 
3 305 142 136 
3 129 117 4 
2 117 97 
2 232 37 
3 101 220 81 
3 160 88 135 
3 208 294 296 
2 158 51 
2 38 58 
2 294 296 
2 106 43 
3 181 232 178 
2 217 198 
2 244 294 
3 105 100 126 
2 116 127 
2 121 253 
2 210 220 
2 30 94 
3 124 115 19 
3 115 18 19 
2 276 55 
2 305 142 
2 149 208 
2 253 267 
3 160 189 133 
2 226 310 
2 86 266 
3 15 222 108 
2 187 245 
2 271 107 
2 266 246 
2 254 296 
2 77 38 
2 244 296 
3 59 60 92 
4 86 55 228 286 
3 302 177 209 
2 187 121 
2 88 133 
2 135 228 
3 77 88 189 
3 235 106 123 
2 106 264 
2 181 160 
3 32 38 65 
2 266 247 
3 259 15 108 
2 228 286 
3 32 38 127 
2 164 121 
2 77 181 
2 175 178 
3 168 147 153 
2 168 74 
2 311 226 
2 227 259 
3 164 88 58 
3 77 58 189 
2 259 108 
2 130 71 
3 135 228 286 
3 135 55 228 
2 311 282 
2 57 133 
3 100 169 126 
2 106 123 
3 105 106 247 
2 168 147 
2 271 47 
2 227 15 
2 61 115 
2 222 2 
3 235 16 123 
2 135 286 
2 203 310 
3 91 85 101 
2 147 33 
2 173 126 
3 86 135 286 
3 103 130 71 
3 61 73 115 
2 310 199 
2 135 240 
3 85 101 10 
3 101 10 92 
2 129 94 
4 158 167 186 51 
2 181 177 
2 11 97 
2 223 234 
2 302 189 
3 72 73 115 
2 37 60 
2 37 117 
2 101 117 
2 106 247 
2 276 121 
2 135 247 
2 61 124 
2 76 117 
2 217 296 
3 114 61 124 
2 114 37 
2 305 141 
2 228 56 
3 86 55 228 
2 124 76 
2 105 246 
2 217 294 
2 247 56 
3 31 38 70 
3 276 79 245 
2 217 256 
3 228 286 56 
2 105 80 
2 286 80 
3 55 286 56 
2 114 65 
2 86 228 
3 86 247 286 
2 153 34 
3 86 237 238 
2 246 286 
3 105 85 106 
3 105 124 106 
3 79 135 111 
2 105 114 
2 135 253 
2 195 169 
3 135 55 111 
2 294 254 
2 264 312 
2 195 126 
2 33 279 
2 235 312 
3 86 87 246 
2 38 60 
2 144 303 
3 203 226 204 
3 61 18 19 
2 147 151 
2 226 204 
2 272 171 
2 8 287 
2 39 29 
2 66 183 
3 8 140 205 
2 205 292 
3 48 249 89 
3 61 124 18 
2 76 30 
2 84 127 
2 8 142 
3 8 287 292 
2 21 48 
3 14 112 113 
2 243 5 
2 114 124 
2 14 113 
2 8 140 
3 14 243 112 
2 115 18 
2 243 113 
2 21 213 
2 21 215 
2 142 292 
2 14 21 
3 140 287 292 
2 289 221 
2 59 117 
2 136 303 
3 221 58 133 
2 53 231 
2 101 94 
2 101 19 
2 22 90 
2 147 114 
2 274 68 
2 142 313 
2 230 298 
2 24 279 
2 259 225 
2 102 279 
2 12 314 
2 288 315 
2 195 100 
2 125 45 
2 11 178 
2 7 316 
2 299 315 
2 106 94 
2 166 278 
2 317 126 
2 39 38 
2 166 136 
2 100 67 
2 8 316 
2 243 298 
2 160 178 
2 318 279 
3 114 61 18 
2 249 109 
2 7 280 
2 232 176 
3 277 268 305 
2 316 269 
3 140 287 301 
2 72 105 
3 268 171 281 
2 147 103 
2 226 296 
2 83 279 
2 142 307 
3 101 76 60 
2 318 103 
2 6 214 
2 226 208 
2 318 155 
2 65 94 
2 114 60 
2 318 102 
2 5 15 
2 319 162 
2 213 109 
3 61 84 60 
2 67 184 
2 239 286 
2 66 100 
2 318 1 
2 294 248 
2 290 145 
2 243 259 
2 164 309 
2 38 94 
2 61 84 
2 77 191 
2 259 224 
2 140 313 
3 67 173 184 
2 5 214 
2 268 288 
2 195 192 
2 20 104 
2 227 6 
2 243 20 
2 166 272 
2 6 109 
2 7 268 
2 217 311 
2 317 184 
2 305 281 
2 294 204 
2 186 231 
2 91 105 
2 274 183 
2 214 109 
2 5 262 
2 264 253 
2 228 80 
3 195 100 192 
2 8 293 
2 66 51 
3 125 126 45 
2 275 64 
2 19 60 
2 192 67 
2 243 21 
2 189 178 
2 290 171 
2 157 26 
3 287 265 292 
2 294 199 
2 21 46 
2 243 22 
2 318 2 
2 243 90 
2 129 127 
2 243 224 
2 28 193 
2 18 84 
2 145 136 
2 287 272 
2 262 214 
2 262 6 
2 256 310 
2 16 122 
2 201 301 
2 86 111 
2 243 109 
2 100 44 
2 195 51 
2 319 26 
2 12 156 
2 172 156 
2 44 173 
2 13 119 
2 185 69 
2 274 170 
2 21 104 
3 201 291 292 
2 201 166 
2 144 8 
2 179 184 
2 68 184 
2 195 173 
3 201 145 166 
2 268 201 
2 277 201 
2 10 60 
2 144 9 
2 274 320 
2 7 166 
2 7 293 
2 163 51 
3 8 233 293 
2 174 44 
2 173 69 
2 173 51 
2 233 9 
2 140 285 
2 87 247 
2 149 296 
2 195 45 
3 316 287 171 
3 268 305 171 
2 7 287 
3 201 179 188 
2 67 45 
2 316 171 
2 172 173 
2 26 173 
2 270 173 
2 21 298 
2 226 297 
3 287 207 171 
2 233 150 
2 227 109 
2 227 113 
2 208 297 
2 281 294 
2 239 246 
2 203 287 
2 262 306 
2 195 98 
2 285 301 
3 20 21 298 
2 298 109 
2 79 253 
2 249 113 
3 243 113 214 
2 262 113 
2 293 171 
2 292 179 
2 146 169 
2 243 249 
2 243 214 
2 20 298 
3 140 293 171 
2 262 225 
2 225 113 
2 251 297 
2 255 282 
2 112 249 
2 5 112 
2 64 51 
3 112 213 214 
2 275 45 
2 53 67 
2 183 45 
2 255 142 
2 262 298 
2 47 212 
3 293 207 150 
2 268 319 
2 17 123 
2 285 297 
2 148 166 
2 251 148 
2 145 148 
2 287 255 
2 201 188 
2 162 179 
2 205 269 
2 275 67 
2 275 53 
2 243 145 
2 118 173 
2 293 269 
2 207 171 
2 140 255 
3 293 150 214 
2 268 296 
2 100 194 
2 251 108 
2 285 108 
2 297 109 
2 145 297 
2 112 297 
2 255 272 
2 46 216 
3 145 148 166 
2 275 231 
3 292 179 188 
2 290 205 
2 248 252 
2 275 180 
2 67 180 
3 20 262 298 
2 258 269 
2 315 269 
2 288 269 
2 268 184 
2 247 296 
2 288 265 
2 285 145 
2 118 45 
2 20 249 
2 249 298 
2 144 36 
3 169 173 69 
3 299 205 171 
2 207 198 
2 275 54 
2 8 240 
2 259 298 
2 233 261 
3 299 140 171 
2 290 214 
2 285 150 
2 43 310 
2 152 155 
2 150 298 
2 226 207 
4 114 61 37 60 
3 49 50 4 
3 251 285 145 
3 293 201 108 
2 293 109 
2 43 170 
2 130 45 
2 263 223 
2 43 26 
2 111 245 
4 140 205 265 171 
2 32 65 
2 124 65 
2 147 2 
2 276 86 
2 119 45 
2 166 47 
2 145 47 
2 256 269 
2 256 315 
2 172 313 
2 293 201 
2 293 108 
2 120 196 
2 249 215 
2 321 152 
3 162 179 188 
3 276 111 245 
3 49 19 11 
3 147 153 24 
2 318 24 
2 85 97 
2 63 170 
3 293 108 109 
2 23 318 
2 26 253 
2 321 2 
3 276 236 245 
3 147 152 153 
2 118 66 
2 243 56 
2 39 127 
2 72 18 
3 277 268 201 
2 215 150 
2 114 49 
2 76 50 
2 168 5 
2 5 253 
2 95 51 
3 5 213 113 
3 276 236 111 
2 38 106 
3 205 265 171 
2 168 79 
2 147 23 
3 66 183 45 
2 118 183 
2 131 152 
2 71 173 
2 145 215 
3 268 293 201 
2 268 108 
2 102 24 
2 33 24 
2 61 11 
2 131 71 
3 95 186 51 
2 168 213 
2 157 152 
3 196 173 69 
3 277 268 108 
3 268 293 108 
2 105 38 
2 104 313 
2 43 120 
2 5 43 
3 37 19 127 
2 142 126 
4 23 131 71 83 
3 259 21 262 
3 177 189 178 
3 177 209 189 
2 318 126 
2 37 4 
2 124 80 
2 223 252 
2 305 292 
2 305 145 
2 7 68 
3 19 60 127 
2 168 253 
3 173 69 170 
2 196 173 
4 23 131 24 51 
2 215 93 
3 131 24 83 
3 102 71 83 
2 12 45 
2 113 253 
2 255 257 
2 151 34 
2 266 123 
2 287 149 
2 23 95 
2 181 220 
2 276 236 
2 276 111 
2 181 37 
3 256 207 198 
3 256 198 296 
3 147 172 153 
3 83 68 194 
4 12 173 69 170 
3 72 114 73 
3 32 11 97 
3 85 49 11 
3 71 83 194 
2 263 296 
2 155 126 
2 101 127 
2 272 292 
2 103 253 
2 263 199 
3 23 95 24 
3 76 106 94 
3 168 213 113 
3 179 169 188 
3 38 76 106 
4 256 207 198 296 
2 160 101 
3 276 60 111 
2 79 60 
2 149 51 
2 130 194 
2 37 189 
2 60 149 
2 102 131 
3 265 171 281 
2 103 45 
3 38 106 94 
2 144 140 
2 103 183 
3 12 173 69 
2 24 173 
2 227 285 
2 84 312 
2 71 194 
2 177 126 
2 23 64 
2 220 178 
2 321 170 
2 60 236 
3 275 67 180 
2 42 275 
2 147 172 
3 12 24 173 
3 24 173 69 
2 207 223 
2 15 215 
3 24 196 69 
2 76 4 
3 21 15 262 
2 37 178 
3 144 140 205 
3 71 83 68 
2 12 173 
3 24 196 173 
2 272 269 
2 214 120 
2 256 208 
2 208 198 
3 259 21 15 
3 135 123 56 
3 181 37 220 
3 276 60 236 
3 72 73 116 
2 102 214 
2 12 196 
3 277 293 108 
2 162 188 
2 15 306 
4 276 60 111 253 
3 60 236 111 
2 243 23 
2 268 293 
2 12 24 
2 259 20 
3 12 196 69 
2 102 113 
2 2 170 
2 10 178 
2 168 37 
4 71 83 68 194 
3 276 60 253 
3 321 2 24 
3 1 24 170 
2 90 313 
3 20 21 15 
2 155 261 
2 272 281 
2 171 292 
2 95 173 
3 7 8 112 
3 1 321 2 
4 1 321 24 170 
2 290 117 
2 37 5 
3 147 95 153 
3 144 140 265 
2 25 275 
2 225 298 
4 1 2 24 170 
2 20 15 
2 23 96 
3 272 171 281 
2 96 196 
2 249 104 
2 7 112 
3 276 111 253 
2 275 196 
3 227 15 298 
2 47 159 
2 59 228 
2 201 322 
2 114 97 
3 1 2 170 
3 201 171 281 
2 249 225 
3 169 173 126 
2 147 192 
2 146 152 
2 179 173 
3 21 15 298 
2 76 97 
3 85 11 97 
2 103 13 
2 73 228 
2 201 136 
2 220 122 
2 7 233 
3 196 186 69 
3 147 153 192 
2 24 170 
2 87 261 
2 1 170 
2 314 118 
2 220 312 
3 76 10 50 
2 59 94 
2 228 94 
2 321 24 
2 318 321 
2 111 253 
2 275 120 
3 225 295 298 
2 276 60 
2 93 47 
2 1 24 
2 5 225 
3 85 11 4 
2 127 50 
2 59 127 
3 145 272 281 
2 15 213 
2 275 74 
2 295 298 
2 142 131 
4 85 49 11 4 
2 15 113 
2 102 107 
2 249 47 
2 259 213 
2 51 188 
2 144 265 
2 259 22 
2 105 65 
2 151 74 
2 262 90 
2 130 184 
2 32 38 
2 232 189 
2 59 4 
2 203 256 
4 76 10 59 50 
3 236 111 253 
2 181 189 
2 72 65 
2 174 67 
2 152 93 
2 74 93 
3 120 51 69 
2 290 37 
2 20 109 
3 85 49 4 
2 124 11 
2 305 171 
2 102 151 
3 102 1 321 
2 271 74 
2 72 124 
3 186 51 69 
2 268 9 
2 131 194 
2 146 12 
2 20 293 
2 318 151 
2 102 93 
3 10 59 50 
2 163 83 
3 120 186 69 
2 316 112 
2 20 230 
2 12 167 
2 127 121 
2 120 179 
2 15 249 
2 1 321 
2 168 276 
2 216 47 
2 305 201 
3 262 225 216 
2 103 107 
2 293 249 
2 271 321 
3 168 102 34 
3 147 155 153 
2 98 194 
2 5 47 
2 227 5 
2 271 83 
2 179 194 
2 20 90 
2 293 15 
2 127 80 
2 60 253 
2 236 253 
2 232 101 
2 103 1 
3 249 225 109 
3 243 249 225 
3 249 215 109 
2 10 50 
3 144 299 258 
2 316 287 
3 173 126 98 
2 74 24 
2 74 83 
2 79 127 
2 86 110 
2 259 5 
2 20 5 
2 293 262 
2 102 34 
2 195 120 
2 243 262 
3 299 258 305 
3 196 274 194 
2 271 71 
3 102 74 34 
3 168 155 34 
2 143 41 
2 7 177 
2 321 34 
2 62 157 
2 51 98 
3 120 179 44 
3 287 142 177 
3 259 262 47 
2 233 312 
3 243 225 295 
3 243 225 298 
2 5 90 
3 20 21 262 
2 293 113 
2 251 285 
2 293 21 
2 271 34 
2 232 45 
2 287 209 
2 305 265 
2 55 94 
3 179 169 98 
2 179 44 
2 72 37 
2 20 214 
2 293 214 
2 268 166 
2 287 177 
3 49 11 4 
2 1 34 
3 20 21 109 
2 10 59 
3 181 232 287 
3 174 126 99 
3 120 183 185 
2 39 101 
3 288 201 269 
2 251 211 
2 268 258 
3 1 155 24 
2 305 322 
3 20 21 113 
2 85 124 
2 1 71 
2 17 56 
2 37 127 
2 124 116 
2 7 176 
3 101 10 50 
2 321 155 
2 262 213 
2 240 236 
3 105 106 286 
4 174 126 98 99 
2 233 112 
3 105 55 286 
2 86 17 
3 20 21 108 
3 20 108 109 
2 258 150 
3 135 17 56 
2 293 216 
2 293 224 
2 184 126 
2 240 253 
2 38 4 
2 37 116 
2 120 45 
2 101 116 
2 179 54 
2 45 260 
3 249 215 216 
2 170 231 
2 130 321 
3 196 69 188 
2 86 267 
2 72 127 
2 233 258 
2 277 233 
2 51 185 
2 227 290 
2 185 170 
2 106 127 
2 243 293 
2 293 298 
3 72 73 124 
2 258 301 
2 258 291 
2 258 272 
2 72 94 
2 31 127 
3 76 59 50 
2 21 90 
2 177 117 
3 37 38 4 
2 37 11 
2 120 125 
2 127 70 
3 39 106 4 
2 106 59 
2 8 166 
2 40 155 
2 72 84 
3 227 290 214 
2 73 60 
2 150 280 
2 21 5 
3 262 112 213 
2 323 131 
4 323 42 23 24 
3 72 84 60 
3 72 124 60 
2 72 106 
2 323 24 
2 323 23 
2 168 151 
3 233 287 142 
2 59 50 
3 259 15 112 
3 72 73 60 
2 124 60 
2 249 213 
2 243 213 
3 323 42 24 
3 73 124 60 
2 130 1 
2 178 94 
2 94 50 
2 259 134 
2 134 213 
2 323 168 
3 243 259 216 
2 59 178 
2 124 59 
2 57 177 
2 131 34 
4 85 49 106 4 
4 85 49 106 11 
3 323 42 107 
2 243 104 
4 72 124 84 60 
2 211 216 
3 130 1 2 
2 251 249 
2 249 313 
2 7 171 
3 10 94 50 
2 259 215 
2 211 90 
2 124 84 
2 259 216 
3 21 112 113 
2 15 112 
3 227 20 249 
3 259 215 216 
3 85 49 106 
2 323 107 
3 251 225 295 
2 168 1 
3 20 108 214 
2 293 145 
2 112 104 
3 23 131 24 
2 227 249 
3 323 23 24 
2 227 104 
2 293 288 
2 318 130 
2 15 216 
3 49 106 4 
3 5 112 213 
3 49 106 11 
3 73 37 19 
3 72 18 19 
2 108 214 
2 213 47 
2 73 59 
2 18 60 
2 251 134 
2 124 178 
3 259 249 134 
2 32 10 
2 106 11 
3 259 20 249 
2 105 10 
3 259 5 112 
2 259 113 
3 85 10 50 
2 232 178 
3 259 5 213 
3 259 5 113 
2 112 230 
3 21 15 112 
2 211 104 
3 227 15 262 
2 20 213 
2 6 134 
2 21 109 
2 176 178 
2 104 109 
2 6 108 
2 262 249 
2 21 108 
3 181 177 178 
2 8 299 
3 227 15 108 
2 172 190 
2 152 74 
2 160 176 
2 263 294 
2 232 209 
2 220 177 
3 140 287 313 
2 294 252 
2 232 177 
3 77 58 177 
2 77 160 
2 177 139 
2 175 160 
2 181 138 
2 232 138 
2 58 309 
2 285 205 
2 164 81 
2 175 309 
2 138 309 
2 175 28 
2 153 24 
2 164 191 
2 195 68 
3 53 54 231 
3 174 68 99 
2 273 272 
2 146 172 
2 291 205 
2 217 234 
2 66 126 
2 130 279 
2 7 281 
2 79 312 
2 31 50 
2 323 102 
2 67 126 
2 87 245 
2 273 136 
3 67 98 99 
2 142 278 
2 273 145 
2 100 183 
2 156 159 
3 61 73 18 
2 11 127 
2 31 129 
3 91 10 92 
2 117 50 
2 92 97 
2 73 129 
3 72 73 129 
2 92 4 
2 114 10 
3 61 49 50 
3 92 97 4 
2 61 50 
2 49 65 
2 61 49 
2 65 50 
3 61 32 65 
3 32 65 50 
2 162 26 
2 101 50 
2 101 4 
2 61 59 
3 49 92 50 
2 323 153 
2 8 305 
2 146 119 
2 146 26 
2 66 173 
4 86 237 238 286 
2 239 17 
2 237 55 
2 321 93 
2 273 140 
2 323 71 
2 135 122 
2 129 4 
2 16 312 
2 135 261 
3 168 102 130 
2 323 83 
2 39 61 
2 238 261 
2 140 272 
2 273 142 
2 290 278 
2 179 186 
3 8 171 281 
2 183 69 
2 285 142 
2 285 265 
2 51 170 
2 299 293 
2 312 123 
3 102 33 103 
3 8 293 171 
3 179 51 170 
2 102 154 
3 43 17 94 
2 211 47 
2 268 315 
2 150 265 
2 273 305 
2 249 295 
2 112 295 
2 125 67 
2 277 299 
2 233 281 
2 287 156 
2 43 94 
2 264 129 
3 277 299 268 
3 179 68 51 
2 192 51 
3 235 103 312 
2 82 125 
2 119 159 
2 125 192 
2 233 313 
3 131 71 83 
2 293 112 
2 131 68 
2 224 46 
2 20 47 
2 191 78 
2 293 134 
2 7 142 
2 7 313 
2 134 109 
2 224 47 
2 43 245 
2 7 134 
2 164 41 
2 302 51 
2 28 309 
2 280 315 
2 299 142 
3 131 83 68 
2 293 215 
2 15 225 
2 276 266 
2 213 306 
2 78 184 
2 82 45 
3 21 15 225 
2 288 213 
2 138 78 
2 14 45 
2 7 227 
2 8 45 
2 265 184 
2 276 17 
2 202 99 
2 183 99 
2 21 200 
3 202 98 99 
2 183 98 
2 317 98 
2 195 183 
2 164 133 
2 249 70 
3 105 317 98 
2 44 99 
2 105 98 
4 105 106 179 126 
3 105 106 179 
2 76 202 
2 317 188 
2 62 12 
2 31 37 
2 179 317 
2 105 94 
3 164 187 127 
2 19 184 
2 221 309 
2 164 127 
2 200 159 
2 262 159 
2 101 70 
3 221 78 309 
2 179 99 
2 8 196 
2 164 302 
2 302 187 
2 314 196 
3 179 317 126 
3 314 196 173 
3 179 317 188 
2 101 11 
2 302 127 
3 164 302 187 
3 12 196 173 
3 164 302 127 
3 302 187 127 
2 314 173 
4 164 302 187 127 
2 78 309 
2 33 130 
2 129 92 
2 172 24 
4 259 21 15 262 
3 19 200 184 
2 196 53 
3 19 138 184 
2 233 196 
3 179 126 99 
3 23 33 24 
2 179 320 
2 259 159 
2 118 13 
2 138 184 
3 259 15 262 
2 12 93 
2 98 320 
2 159 126 
3 39 37 116 
2 174 179 
2 179 185 
3 179 44 188 
2 323 33 
3 79 187 80 
3 79 187 127 
2 79 302 
4 164 187 127 80 
2 267 69 
2 314 93 
2 74 69 
3 164 187 80 
3 79 302 127 
3 302 127 80 
3 187 127 80 
2 79 164 
4 79 302 187 127 
2 267 202 
2 69 320 
2 302 80 
2 276 264 
4 79 187 127 80 
4 79 164 187 80 
2 69 202 
2 155 279 
2 264 122 
2 184 320 
3 79 302 187 
3 302 187 80 
2 100 69 
2 54 69 
3 235 264 312 
2 235 237 
2 54 185 
2 69 180 
3 276 79 164 
3 276 164 187 
2 249 93 
3 169 317 126 
2 249 153 
3 235 237 238 
3 235 312 238 
2 264 238 
2 192 69 
2 224 249 
4 235 264 237 312 
2 323 166 
3 235 237 312 
3 235 264 238 
2 169 98 
2 292 180 
4 235 264 237 238 
3 237 312 238 
2 179 231 
4 235 237 312 238 
2 86 170 
3 276 187 127 
2 276 164 
2 192 320 
2 235 238 
3 100 179 69 
3 106 55 286 
3 126 98 99 
2 276 302 
2 179 125 
2 100 125 
2 312 238 
2 69 184 
2 105 286 
2 237 312 
2 196 170 
2 85 286 
2 264 110 
2 105 317 
2 86 85 
3 105 179 317 
2 127 92 
3 179 169 126 
4 264 237 312 238 
2 110 284 
2 11 92 
2 305 95 
3 196 69 184 
2 323 194 
3 264 237 238 
2 174 196 
2 125 69 
2 49 92 
2 85 194 
2 276 127 
4 235 264 110 238 
2 260 188 
2 239 267 
3 276 79 187 
2 317 69 
2 80 100 
2 38 126 
2 25 172 
3 16 127 123 
2 236 284 
3 235 264 237 
2 317 173 
2 276 56 
2 69 194 
2 127 123 
2 21 246 
2 21 55 
2 144 95 
2 16 127 
2 323 205 
2 275 314 
2 264 237 
2 276 16 
2 110 122 
2 260 194 
2 157 67 
2 127 56 
2 323 321 
2 100 188 
2 69 260 
4 175 135 16 123 
4 135 16 127 123 
2 264 236 
2 164 56 
2 284 238 
2 86 21 
2 237 122 
3 264 237 284 
2 323 304 
3 135 16 123 
3 135 127 123 
3 175 127 123 
2 258 170 
2 168 271 
2 302 209 
2 302 324 
2 258 98 
2 60 184 
3 276 187 80 
4 175 135 127 123 
4 276 79 164 187 
2 21 68 
2 324 133 
2 258 16 
2 220 60 
2 181 266 
2 21 286 
3 21 246 68 
3 86 21 68 
2 37 50 
3 55 246 68 
3 86 55 68 
2 258 292 
2 178 261 
2 239 178 
2 8 306 
2 187 56 
2 168 42 
3 264 110 238 
2 82 119 
2 55 68 
3 302 176 177 
3 237 110 238 
2 312 122 
3 160 220 221 
2 108 90 
2 135 127 
3 258 205 292 
4 168 41 71 24 
3 302 106 177 
2 237 266 
2 58 60 
2 312 266 
2 160 221 
2 241 178 
3 302 177 28 
2 176 133 
3 87 38 240 
4 175 16 127 123 
2 106 78 
4 323 145 166 304 
3 168 41 71 
3 168 71 24 
2 267 122 
3 276 79 56 
2 266 261 
2 323 145 
2 41 24 
2 94 92 
2 106 82 
2 49 106 
2 235 110 
2 276 135 
2 146 178 
2 78 169 
3 49 106 82 
2 187 43 
2 187 194 
2 235 267 
2 240 267 
2 135 129 
2 17 80 
2 79 87 
2 261 56 
2 87 266 
2 240 266 
2 241 261 
2 135 292 
3 49 82 68 
2 86 37 
2 79 261 
2 240 56 
2 310 282 
2 162 275 
2 275 223 
2 49 82 
2 7 140 
2 127 292 
2 325 123 
2 105 82 
2 203 207 
2 207 199 
3 203 207 208 
2 79 235 
2 276 235 
2 235 245 
2 267 56 
2 316 140 
2 177 129 
2 207 263 
2 312 17 
2 49 236 
2 218 248 
2 266 267 
2 264 43 
4 49 236 111 82 
3 135 43 267 
3 259 15 306 
2 325 235 
3 135 43 17 
3 49 111 82 
2 218 257 
2 43 267 
2 96 199 
2 79 170 
2 49 111 
3 135 312 17 
2 135 43 
2 82 69 
2 276 247 
2 247 261 
2 256 234 
3 49 236 82 
2 87 253 
2 151 223 
2 283 234 
2 87 235 
2 275 146 
2 276 261 
2 217 283 
2 149 297 
2 259 306 
2 273 112 
2 168 49 
2 263 149 
2 276 123 
2 263 297 
3 168 49 71 
2 149 306 
2 149 198 
2 264 247 
2 149 159 
3 158 163 95 
3 148 263 297 
3 135 247 56 
2 36 146 
2 243 148 
3 105 15 106 
3 259 15 106 
2 105 138 
2 33 131 
2 105 306 
2 314 13 
2 259 106 
2 198 200 
2 263 71 
3 12 314 13 
2 323 263 
3 105 259 306 
2 262 106 
2 7 269 
2 263 257 
3 7 316 140 
2 36 297 
2 148 36 
2 138 149 
2 31 4 
3 36 149 297 
2 133 309 
2 215 108 
2 36 149 
3 148 149 297 
2 316 70 
2 28 116 
2 28 4 
2 273 216 
3 144 145 166 
2 164 70 
2 160 70 
2 221 59 
3 175 57 127 
2 101 309 
2 227 225 
2 57 127 
2 176 116 
2 160 37 
2 305 278 
2 101 78 
2 160 39 
2 58 187 
2 147 321 
2 129 50 
2 37 70 
3 58 133 309 
2 37 139 
3 176 209 178 
4 302 176 177 209 
3 316 112 70 
2 139 70 
3 176 177 178 
2 76 204 
2 21 296 
2 19 70 
2 91 19 
3 112 19 70 
2 164 101 
3 164 101 221 
2 7 104 
2 321 153 
2 106 81 
2 101 81 
2 254 159 
2 181 10 
2 263 208 
2 316 10 
2 112 70 
4 256 207 263 208 
3 203 256 208 
2 316 101 
3 203 217 256 
3 217 256 208 
2 105 78 
2 59 70 
2 217 263 
2 217 208 
2 164 106 
2 303 310 
3 217 256 234 
3 7 316 112 
3 187 127 94 
2 217 257 
2 255 254 
3 129 70 4 
3 177 28 116 
3 176 177 116 
3 302 176 116 
2 129 70 
2 204 198 
2 217 255 
2 217 254 
3 20 108 90 
2 7 113 
2 226 130 
2 130 199 
2 139 159 
3 226 130 199 
2 316 113 
2 76 129 
3 29 59 129 
2 59 129 
2 177 116 
3 7 112 113 
2 144 166 
3 115 59 129 
3 302 177 116 
2 302 116 
2 115 129 
2 243 227 
3 176 28 116 
4 29 61 115 59 
2 256 204 
3 61 115 59 
3 29 61 115 
2 61 129 
2 208 204 
2 8 112 
4 29 61 59 129 
3 7 316 233 
2 40 269 
3 7 8 316 
2 273 269 
2 305 150 
2 21 300 
2 316 233 
2 166 215 
2 144 150 
2 164 205 
4 302 176 177 28 
4 302 177 28 116 
2 305 215 
2 77 127 
3 302 28 116 
3 7 233 112 
2 19 198 
3 144 273 305 
2 299 300 
2 8 113 
2 77 175 
2 61 30 
4 77 175 164 127 
3 203 256 204 
3 105 106 78 
2 226 326 
2 299 313 
3 61 115 129 
3 29 61 129 
3 77 175 164 
2 263 326 
2 326 199 
2 299 307 
3 147 321 153 
2 106 116 
2 273 304 
2 323 93 
2 323 215 
2 211 40 
2 49 59 
2 287 229 
3 49 10 59 
2 255 218 
2 201 272 
2 243 229 
2 217 36 
2 226 254 
3 77 175 127 
2 201 157 
2 273 201 
2 300 307 
3 72 61 30 
2 49 10 
2 213 229 
2 306 229 
2 303 298 
2 140 269 
4 72 61 30 129 
2 287 150 
2 305 300 
2 89 150 
2 149 248 
2 243 150 
3 305 142 300 
3 72 29 61 
2 243 89 
3 176 209 206 
2 30 129 
3 72 29 30 
3 72 61 115 
2 176 189 
3 148 36 149 
2 305 307 
2 218 204 
2 185 320 
3 181 175 178 
2 185 184 
2 287 211 
2 203 326 
2 281 320 
2 317 45 
3 77 164 191 
3 160 138 139 
2 243 287 
2 142 300 
3 51 184 45 
3 105 101 92 
3 326 223 218 
2 76 127 
3 184 202 45 
2 115 30 
2 203 198 
2 227 89 
3 326 218 248 
3 233 258 205 
3 226 207 294 
3 256 223 218 
3 112 89 113 
3 175 38 65 
3 326 223 248 
2 290 215 
2 299 287 
2 227 251 
4 29 114 61 30 
2 114 115 
2 101 115 
3 203 217 198 
4 105 49 10 59 
3 91 105 10 
4 7 8 316 233 
3 7 316 313 
2 106 129 
2 273 150 
2 326 248 
2 8 150 
2 47 45 
2 171 269 
2 84 30 
3 38 65 94 
3 258 288 205 
2 29 65 
2 215 214 
2 217 282 
2 242 296 
3 169 98 99 
2 89 108 
2 175 193 
2 186 320 
2 317 99 
2 173 304 
3 72 114 115 
3 105 49 59 
3 114 61 115 
2 223 254 
4 105 76 10 59 
2 15 89 
3 258 205 269 
2 214 298 
2 176 193 
2 215 211 
3 140 305 287 
2 58 200 
3 7 316 142 
2 310 204 
2 259 46 
2 134 108 
3 7 316 305 
3 7 305 142 
2 51 320 
2 316 281 
3 61 115 18 
2 250 231 
2 306 298 
2 316 293 
2 15 296 
2 113 45 
2 293 292 
2 305 313 
3 7 316 303 
3 134 213 306 
3 213 89 306 
3 175 58 187 
2 258 145 
2 316 150 
2 7 303 
2 7 291 
2 89 306 
2 174 317 
2 142 150 
2 29 38 
2 293 291 
2 164 324 
2 274 45 
4 274 186 45 320 
2 250 296 
2 35 242 
2 108 212 
2 316 303 
2 138 58 
2 324 178 
2 281 313 
2 45 231 
2 232 193 
2 316 313 
3 195 44 98 
3 61 73 19 
2 142 265 
2 35 311 
2 68 304 
2 168 93 
2 206 193 
2 265 301 
2 287 301 
2 287 313 
2 64 13 
3 321 40 41 
2 321 40 
3 195 98 99 
2 170 194 
2 153 93 
2 134 306 
2 81 309 
2 160 302 
3 160 302 58 
2 102 321 
2 302 58 
2 324 176 
2 192 99 
2 233 140 
2 115 19 
3 233 140 287 
2 311 204 
2 271 153 
2 217 326 
2 87 111 
2 147 271 
2 240 247 
2 317 44 
2 135 312 
2 312 247 
2 312 80 
2 46 108 
2 89 214 
2 233 287 
3 18 19 116 
2 45 180 
2 167 13 
2 203 294 
2 130 83 
2 301 322 
3 287 142 307 
3 77 221 78 
2 103 119 
2 302 78 
2 130 119 
3 305 301 322 
2 247 123 
3 135 312 247 
2 217 226 
2 29 18 
2 17 228 
2 79 267 
2 290 285 
2 16 237 
2 235 266 
2 253 245 
3 135 43 56 
2 264 123 
2 43 266 
2 80 245 
2 312 267 
2 77 324 
3 43 312 17 
3 16 312 17 
2 43 312 
2 123 245 
3 135 43 312 
3 135 16 312 
4 135 16 312 17 
4 135 16 43 17 
2 16 245 
3 135 312 245 
2 217 199 
3 276 312 267 
3 135 17 247 
2 43 247 
2 37 65 
2 303 292 
3 201 272 136 
2 163 95 
2 89 298 
2 324 191 
3 114 73 127 
2 85 115 
2 84 116 
2 105 50 
2 163 270 
2 105 30 
2 30 50 
3 49 76 128 
3 85 49 76 
2 114 84 
2 29 105 
2 29 50 
2 105 127 
2 164 206 
2 324 187 
3 91 10 59 
2 179 304 
2 213 108 
3 105 10 59 
2 175 38 
2 100 99 
2 8 303 
2 314 95 
3 7 316 9 
2 227 134 
2 225 108 
2 220 139 
2 7 292 
3 101 10 59 
3 134 89 229 
2 181 28 
2 316 9 
2 39 116 
2 213 298 
3 91 105 59 
2 298 212 
2 225 229 
2 108 229 
2 281 292 
2 191 309 
3 164 94 50 
3 181 191 309 
2 293 303 
2 133 117 
3 100 179 126 
3 106 177 28 
2 158 163 
3 299 288 280 
3 299 293 291 
2 288 303 
3 196 69 170 
2 108 50 
2 195 174 
2 291 313 
3 220 81 78 
3 115 94 50 
3 195 317 44 
2 196 44 
3 293 305 303 
2 195 194 
2 33 100 
2 292 313 
2 203 199 
2 221 138 
3 144 293 305 
3 144 293 205 
3 316 179 126 
3 7 316 126 
2 316 100 
2 317 194 
3 195 196 44 
2 44 304 
2 303 229 
2 268 171 
2 58 139 
2 125 54 
2 280 313 
2 7 259 
3 103 106 94 
3 196 68 69 
2 215 303 
2 223 294 
2 293 305 
2 223 310 
2 209 133 
2 164 112 
2 167 159 
2 285 287 
3 158 95 159 
2 6 177 
3 38 10 65 
2 144 281 
3 8 233 177 
2 140 166 
3 29 73 30 
2 38 59 
2 293 281 
2 203 218 
2 33 188 
2 205 281 
2 33 99 
2 33 44 
2 142 136 
2 145 142 
3 72 73 30 
2 207 282 
3 299 288 21 
2 288 154 
2 220 138 
3 7 8 233 
3 221 138 139 
2 213 195 
2 175 133 
2 186 45 
2 207 218 
2 227 195 
2 311 218 
2 291 272 
3 291 265 292 
3 220 221 138 
3 268 285 205 
2 326 198 
2 36 250 
2 81 187 
3 105 49 11 
2 258 166 
2 293 296 
2 293 265 
2 216 126 
4 220 221 138 139 
2 77 133 
2 21 89 
3 181 175 78 
2 208 248 
2 250 252 
3 305 142 272 
3 305 142 313 
2 73 230 
2 73 148 
2 33 1 
2 287 281 
2 223 198 
3 179 44 126 
2 274 173 
2 148 119 
2 215 174 
3 293 281 296 
2 154 153 
2 173 320 
2 205 272 
2 274 67 
2 250 263 
2 250 257 
2 233 25 
3 291 280 292 
2 287 136 
2 300 313 
2 14 250 
3 158 163 64 
2 205 297 
2 243 78 
2 290 280 
2 326 218 
2 305 291 
2 203 311 
2 173 231 
2 173 180 
2 160 164 
2 207 310 
2 165 45 
2 158 45 
2 160 191 
3 145 272 269 
2 326 234 
2 5 249 
2 8 25 
2 218 198 
2 196 186 
2 5 303 
2 311 310 
3 273 272 136 
3 145 166 272 
2 67 320 
2 147 154 
3 207 208 296 
2 249 303 
3 275 95 159 
2 203 242 
2 7 25 
2 8 283 
2 293 142 
2 277 256 
3 196 51 69 
2 21 303 
2 113 303 
2 268 256 
2 77 178 
3 273 272 269 
2 112 25 
3 305 272 269 
3 207 223 218 
2 258 280 
2 69 231 
3 51 184 180 
3 201 272 269 
3 142 281 313 
2 265 313 
2 51 231 
3 217 218 198 
2 275 159 
2 301 269 
2 250 310 
3 142 171 281 
3 142 171 313 
2 54 51 
3 305 291 292 
3 208 296 234 
3 158 163 270 
3 223 218 198 
2 183 51 
3 305 291 300 
2 202 231 
2 54 183 
2 183 202 
3 51 202 45 
2 112 303 
2 255 242 
3 207 254 296 
3 208 254 296 
2 5 22 
2 273 280 
3 250 310 282 
2 281 301 
2 326 208 
2 7 58 
2 7 205 
2 7 14 
3 158 95 270 
2 178 200 
3 311 310 282 
3 217 223 198 
2 36 204 
2 36 282 
2 36 255 
2 77 200 
2 242 252 
3 21 249 214 
2 7 150 
2 316 292 
2 316 291 
3 21 214 109 
2 36 310 
2 118 270 
2 113 214 
2 258 136 
2 314 270 
2 277 166 
2 158 162 
2 162 163 
3 277 268 166 
2 158 25 
2 268 285 
2 14 143 
3 144 201 136 
2 113 109 
3 21 113 214 
2 263 242 
2 162 12 
2 283 270 
2 316 142 
2 144 285 
2 273 277 
2 163 165 
2 59 30 
2 25 314 
2 301 313 
2 43 261 
2 73 37 
2 235 121 
3 66 125 45 
2 160 324 
3 124 49 11 
3 29 124 59 
2 114 19 
2 277 205 
2 33 74 
2 233 303 
2 115 4 
3 124 84 4 
2 101 43 
3 6 213 214 
4 124 115 84 4 
2 256 311 
2 14 108 
2 144 313 
2 113 197 
2 182 189 
2 124 49 
2 210 78 
2 14 20 
2 163 327 
2 302 81 
2 77 302 
2 84 11 
2 125 317 
2 39 84 
3 72 30 117 
3 85 50 4 
2 39 115 
2 72 38 
2 140 9 
2 53 202 
2 21 230 
2 51 260 
2 160 309 
2 7 285 
2 318 83 
3 174 317 126 
2 239 284 
2 290 303 
2 166 301 
3 273 166 301 
2 273 166 
2 232 27 
2 55 253 
2 25 157 
3 203 217 226 
3 317 126 45 
2 239 122 
3 145 166 301 
2 277 303 
2 192 98 
2 235 261 
2 73 10 
2 287 141 
2 35 254 
2 55 312 
2 7 272 
2 293 285 
2 205 303 
2 299 132 
2 299 201 
2 265 300 
2 235 247 
2 286 261 
2 144 292 
2 55 261 
3 55 247 286 
3 285 272 301 
2 290 281 
4 285 272 136 301 
2 277 301 
3 285 272 136 
3 285 305 272 
3 7 287 291 
3 7 201 291 
3 140 142 281 
2 290 142 
2 277 136 
4 7 201 287 292 
4 7 201 287 291 
3 293 142 281 
3 144 272 301 
3 144 166 269 
2 140 281 
2 285 171 
3 144 277 166 
2 140 293 
2 132 272 
3 277 285 166 
3 144 285 166 
3 277 145 166 
4 144 285 145 166 
4 277 285 145 166 
2 292 269 
2 305 132 
2 7 305 
4 144 277 285 145 
2 132 142 
3 305 142 281 
3 318 130 279 
3 293 305 281 
2 240 55 
2 277 285 
3 293 305 142 
2 291 269 
3 205 132 269 
2 293 132 
2 280 171 
2 277 142 
2 299 290 
2 290 201 
2 299 145 
3 299 132 281 
3 233 299 132 
4 144 145 166 281 
2 299 269 
2 145 301 
2 163 172 
2 244 255 
3 31 38 127 
2 201 142 
2 39 11 
2 324 189 
2 235 286 
2 268 303 
2 145 272 
2 101 49 
2 100 192 
2 205 300 
3 239 284 17 
2 215 212 
3 144 166 301 
2 311 326 
2 326 294 
3 91 101 59 
3 91 101 115 
3 91 59 129 
2 55 284 
3 81 177 78 
3 77 164 57 
3 164 57 176 
2 324 206 
2 223 248 
2 27 133 
2 311 263 
2 223 199 
2 226 223 
2 175 27 
2 210 57 
2 203 148 
2 326 169 
2 173 260 
2 304 194 
3 182 209 28 
2 203 282 
2 89 113 
2 105 115 
2 164 183 
2 217 148 
2 21 212 
2 324 209 
3 112 134 108 
3 175 209 28 
2 218 52 
2 101 129 
2 192 45 
2 239 191 
2 77 183 
3 302 177 206 
3 160 324 189 
2 146 173 
2 29 92 
2 64 270 
2 163 304 
2 218 68 
2 36 134 
2 146 67 
2 68 320 
3 305 201 142 
2 318 74 
2 281 214 
2 146 202 
2 155 82 
2 103 28 
2 134 313 
2 169 317 
2 244 251 
3 146 67 202 
2 272 214 
2 90 109 
2 259 230 
2 326 296 
2 182 28 
2 314 260 
2 7 144 
2 67 202 
2 103 209 
2 36 90 
2 14 201 
2 14 150 
2 160 223 
3 305 150 313 
2 243 36 
3 305 272 301 
2 159 173 
3 2 24 279 
3 69 184 45 
2 71 82 
2 21 229 
2 189 223 
2 140 89 
2 89 171 
2 158 147 
4 305 112 272 301 
2 172 82 
2 318 33 
2 57 189 
2 324 223 
3 244 251 285 
2 172 83 
2 305 112 
2 14 313 
2 163 131 
3 175 27 187 
3 244 285 148 
2 168 142 
2 168 262 
2 223 152 
2 52 69 
2 12 281 
2 82 63 
3 305 112 272 
3 290 145 166 
2 181 193 
2 244 285 
2 146 68 
2 223 34 
2 302 149 
2 149 326 
2 42 62 
3 175 27 193 
2 214 269 
2 149 75 
2 172 218 
3 151 223 34 
2 285 36 
2 259 6 
3 144 305 272 
2 158 24 
2 275 202 
2 44 52 
3 196 173 260 
3 172 218 153 
2 120 52 
2 223 63 
2 187 193 
2 302 326 
4 179 169 126 188 
3 44 52 69 
2 271 279 
2 34 63 
2 168 188 
4 144 145 166 269 
2 168 179 
2 168 126 
2 24 194 
2 218 153 
3 271 2 279 
2 187 133 
3 251 285 148 
3 285 148 297 
2 254 199 
4 144 268 145 166 
2 91 29 
2 177 214 
2 191 284 
3 12 314 196 
2 120 69 
3 184 45 180 
3 163 304 194 
2 326 155 
2 170 45 
2 77 189 
4 163 24 304 194 
3 12 314 173 
3 314 173 260 
2 217 281 
2 24 83 
2 120 169 
2 27 187 
4 12 314 196 173 
4 277 268 166 269 
3 285 36 297 
2 95 186 
2 89 142 
2 150 109 
2 203 254 
2 287 197 
3 5 113 22 
3 89 142 281 
3 89 171 281 
4 277 145 166 269 
2 303 214 
3 170 184 45 
3 174 179 126 
2 89 281 
2 268 89 
2 277 140 
3 150 108 109 
3 89 142 171 
3 168 102 154 
2 147 270 
2 150 108 
4 268 89 142 171 
2 174 320 
3 299 166 269 
3 148 36 297 
2 223 156 
3 259 134 150 
2 14 5 
3 201 291 205 
4 174 100 317 126 
2 29 129 
3 12 196 260 
2 5 150 
3 203 217 234 
3 223 156 63 
4 259 5 134 113 
3 287 90 197 
3 100 317 126 
3 268 142 281 
2 177 303 
3 174 100 126 
3 223 34 156 
2 100 317 
2 290 216 
2 302 214 
2 189 83 
2 149 261 
3 5 134 113 
4 268 89 142 281 
2 299 166 
2 172 71 
3 108 296 109 
2 195 179 
4 174 100 179 126 
3 34 156 63 
2 22 296 
3 172 83 68 
3 179 317 320 
2 140 268 
3 172 71 83 
2 153 159 
3 314 196 260 
2 203 234 
2 151 156 
2 134 298 
3 179 169 317 
2 317 320 
4 314 196 173 260 
4 182 176 209 28 
2 287 90 
2 108 296 
4 174 100 169 126 
3 226 326 294 
3 6 134 213 
2 281 296 
2 108 281 
2 285 326 
2 281 22 
3 12 173 260 
3 227 5 15 
2 164 177 
3 148 326 297 
2 224 281 
3 144 299 166 
3 182 176 28 
2 319 260 
2 287 263 
3 195 174 126 
3 259 134 113 
2 163 24 
3 175 57 187 
4 182 176 177 28 
3 51 52 69 
2 148 326 
3 179 173 188 
3 174 169 317 
3 5 197 104 
2 89 205 
2 28 206 
2 269 322 
2 191 122 
4 170 184 45 180 
2 182 266 
2 103 149 
2 5 197 
2 197 313 
2 160 28 
2 160 182 
2 100 173 
3 169 317 173 
3 174 169 173 
2 326 297 
2 277 171 
2 311 303 
3 5 134 90 
2 5 313 
3 148 36 326 
2 327 156 
2 79 188 
4 5 90 197 104 
2 148 248 
2 189 206 
3 168 102 24 
3 168 155 24 
3 277 268 171 
2 151 24 
2 146 159 
2 13 196 
3 170 45 180 
2 232 133 
2 120 202 
3 5 90 197 
2 163 153 
3 168 151 24 
2 243 108 
2 243 112 
2 192 173 
2 268 291 
2 259 109 
3 314 13 159 
2 107 54 
2 120 231 
2 248 234 
3 100 317 173 
3 102 155 24 
2 131 153 
2 192 126 
2 162 314 
3 112 89 108 
3 5 90 104 
2 113 263 
3 273 305 301 
2 91 4 
2 108 216 
4 273 305 272 301 
2 186 188 
3 243 112 108 
3 120 196 69 
4 244 285 36 297 
4 174 100 173 126 
3 259 15 134 
3 299 166 205 
3 151 75 34 
3 130 82 83 
2 112 22 
2 281 303 
2 214 216 
3 103 130 83 
2 285 296 
2 149 254 
3 259 134 108 
3 174 100 169 
3 224 214 216 
2 36 296 
2 234 252 
3 149 294 254 
3 244 285 36 
3 323 304 194 
2 226 149 
2 285 207 
2 196 52 
2 151 71 
3 6 113 108 
2 57 324 
3 147 75 153 
2 42 71 
3 227 259 15 
2 172 157 
2 243 197 
3 259 89 216 
2 27 176 
2 192 44 
2 207 149 
2 131 75 
2 5 104 
2 166 281 
2 89 216 
3 168 102 71 
3 147 151 75 
2 224 214 
2 100 196 
2 7 301 
2 251 89 
3 244 36 149 
3 305 145 269 
2 201 303 
3 102 71 24 
2 293 141 
2 164 193 
3 243 224 216 
2 14 251 
2 183 194 
3 112 113 298 
4 103 130 82 83 
3 7 144 285 
2 14 22 
3 244 36 252 
3 251 112 298 
2 113 298 
2 308 149 
3 36 226 254 
3 160 324 206 
3 323 153 34 
3 5 112 108 
2 157 283 
2 36 254 
3 323 147 153 
3 323 147 34 
2 323 75 
2 113 108 
2 149 223 
3 89 108 109 
2 323 42 
2 35 223 
3 243 108 109 
2 207 326 
2 66 69 
3 240 261 56 
2 22 298 
3 323 147 71 
2 196 183 
3 169 126 188 
2 323 147 
2 184 99 
2 186 184 
2 170 98 
2 223 282 
4 112 6 213 214 
2 14 259 
3 227 15 109 
3 5 112 6 
3 14 89 108 
2 140 278 
2 323 34 
2 147 34 
3 68 69 194 
2 262 112 
3 114 30 117 
2 112 197 
2 124 92 
2 91 32 
2 115 50 
2 91 50 
3 49 115 50 
3 49 11 50 
2 240 239 
2 240 17 
2 122 261 
2 266 122 
2 253 286 
2 228 261 
2 55 228 
2 239 123 
2 176 191 
3 101 49 4 
3 55 286 261 
2 191 193 
3 86 266 122 
3 86 266 228 
4 86 16 228 123 
4 86 16 266 228 
2 228 267 
2 267 261 
3 87 240 261 
3 86 228 267 
2 240 110 
2 17 247 
2 276 87 
3 276 267 261 
2 87 267 
2 110 228 
2 193 78 
3 19 116 117 
2 38 116 
3 114 61 106 
2 19 97 
2 39 59 
2 10 70 
4 72 114 73 127 
3 31 38 76 
3 76 10 97 
3 31 76 97 
3 29 115 116 
2 116 129 
3 72 114 124 
3 29 115 117 
3 29 129 117 
2 91 114 
2 106 128 
2 91 117 
3 106 128 94 
2 39 70 
2 39 65 
2 115 94 
3 115 106 94 
2 115 106 
3 29 115 129 
3 29 129 4 
3 115 50 4 
3 32 115 50 
2 29 106 
4 32 115 50 4 
2 29 11 
3 61 73 65 
3 32 50 4 
3 29 85 115 
4 29 85 115 129 
2 73 65 
2 29 94 
4 29 85 101 115 
2 85 129 
3 91 84 92 
3 85 101 129 
3 32 11 4 
4 85 101 115 129 
2 106 65 
2 10 128 
4 32 49 11 4 
3 101 115 129 
3 29 85 101 
3 32 49 4 
3 85 115 129 
2 61 106 
3 32 49 11 
3 29 105 115 
3 29 115 4 
2 116 94 
2 39 105 
2 158 327 
3 144 273 166 
2 49 115 
2 311 219 
2 108 298 
2 7 300 
2 91 84 
2 57 81 
2 72 70 
2 87 56 
2 10 106 
2 31 10 
3 31 10 70 
2 160 193 
2 61 97 
3 10 70 97 
2 302 220 
2 182 27 
2 203 219 
2 256 263 
3 323 153 24 
3 75 71 153 
2 203 252 
3 147 71 153 
2 75 180 
2 74 54 
3 75 186 69 
2 77 220 
3 77 27 193 
3 244 326 297 
2 71 67 
2 31 116 
2 277 290 
3 258 305 269 
3 258 303 269 
3 233 303 269 
2 164 51 
2 45 194 
2 148 234 
2 327 95 
2 164 83 
3 36 255 248 
2 168 177 
3 71 68 194 
2 132 292 
2 311 296 
2 167 93 
2 171 301 
3 36 311 219 
2 234 282 
2 75 67 
2 96 26 
2 26 45 
2 283 45 
2 36 311 
2 277 132 
2 258 281 
3 277 205 303 
2 142 263 
2 96 327 
2 285 280 
2 160 149 
2 93 198 
2 314 45 
2 33 2 
2 138 321 
2 138 198 
2 160 198 
2 263 139 
2 160 263 
2 299 303 
2 205 310 
2 321 198 
2 299 177 
2 321 159 
2 61 70 
2 114 70 
3 321 198 159 
2 93 159 
3 277 268 285 
2 205 313 
2 189 159 
2 160 159 
2 285 313 
2 255 207 
2 10 30 
2 239 55 
2 110 253 
2 261 245 
3 267 261 245 
3 276 247 261 
3 276 261 245 
2 87 228 
4 276 267 247 261 
4 276 267 261 245 
2 247 245 
2 240 228 
2 18 30 
3 247 286 245 
3 61 18 116 
4 87 247 286 245 
2 72 10 
2 10 116 
2 228 247 
2 323 155 
2 10 117 
2 323 271 
2 73 97 
2 24 51 
3 23 24 186 
2 114 128 
2 114 18 
3 24 186 51 
3 23 271 24 
3 114 61 94 
2 61 128 
2 90 298 
2 174 186 
2 224 229 
3 174 100 51 
2 14 262 
3 134 90 47 
3 174 100 186 
2 251 262 
2 251 112 
2 90 229 
3 174 100 183 
3 259 215 298 
2 134 229 
2 15 197 
2 262 215 
2 262 216 
2 262 22 
3 227 262 6 
2 134 47 
3 112 89 214 
3 112 213 89 
2 15 46 
2 113 104 
2 230 197 
2 100 186 
2 227 229 
2 259 211 
2 14 224 
2 15 104 
2 113 229 
3 259 20 108 
3 20 108 298 
2 20 207 
2 6 198 
2 233 215 
2 18 70 
2 14 214 
2 148 198 
2 224 207 
3 174 186 51 
2 148 159 
2 112 229 
2 89 229 
2 141 214 
2 232 198 
2 6 139 
2 232 159 
3 213 89 229 
3 112 213 229 
3 112 113 229 
3 6 138 139 
2 267 51 
2 112 47 
3 138 321 139 
3 6 321 139 
2 175 302 
2 175 182 
3 174 100 98 
2 181 198 
3 232 198 159 
2 267 83 
3 326 71 83 
4 213 113 306 229 
3 112 213 113 
3 326 82 83 
2 326 90 
3 213 306 229 
3 213 113 306 
3 113 306 229 
3 213 113 229 
2 5 139 
2 326 83 
2 43 229 
4 326 82 83 68 
2 6 138 
2 73 76 
3 43 17 229 
2 10 19 
3 326 83 68 
2 31 19 
2 326 71 
2 326 68 
2 114 76 
2 42 259 
3 174 179 186 
3 174 179 317 
2 169 186 
2 186 98 
2 202 98 
2 169 202 
2 259 54 
3 179 186 98 
3 100 202 98 
3 76 10 70 
2 138 68 
2 52 98 
2 13 24 
2 90 68 
3 326 71 68 
3 326 82 68 
2 6 200 
3 71 82 68 
2 179 202 
2 42 271 
4 71 82 83 68 
3 179 169 186 
2 100 320 
2 200 68 
3 174 100 179 
2 247 170 
3 61 235 116 
2 235 78 
3 61 73 235 
3 175 164 127 
2 19 177 
2 202 180 
2 106 174 
2 61 235 
2 301 286 
2 72 235 
2 168 114 
3 72 61 73 
2 158 13 
2 192 317 
2 148 143 
2 174 180 
2 318 127 
2 94 97 
3 174 179 180 
2 318 154 
2 106 13 
2 164 138 
2 159 320 
2 186 126 
3 174 179 98 
2 207 71 
2 96 266 
2 152 156 
2 126 320 
2 13 174 
2 13 202 
3 106 94 97 
3 195 186 202 
3 203 217 254 
2 12 157 
3 61 106 97 
2 12 320 
2 66 320 
2 147 279 
2 326 82 
2 174 202 
3 203 217 207 
2 235 17 
2 271 186 
2 271 100 
2 79 138 
2 122 80 
2 12 126 
4 203 217 207 326 
2 28 94 
2 106 28 
2 271 174 
2 147 107 
2 302 45 
2 12 183 
3 217 207 254 
3 203 217 326 
2 130 186 
2 314 186 
3 217 207 326 
2 326 254 
2 271 130 
2 271 231 
2 62 66 
4 203 217 207 254 
2 13 231 
2 130 159 
2 256 226 
2 72 97 
2 74 279 
2 13 66 
2 282 199 
3 62 66 231 
3 237 238 286 
2 35 282 
3 12 130 159 
3 39 106 94 
3 94 92 4 
2 91 75 
3 39 29 124 
2 86 237 
2 62 320 
2 115 75 
3 101 106 94 
2 72 75 
3 23 154 24 
2 29 75 
4 23 154 155 24 
3 23 154 155 
2 284 123 
3 203 207 254 
3 154 155 24 
2 154 107 
3 203 207 326 
3 55 246 247 
2 256 218 
2 66 231 
2 11 297 
2 282 219 
2 86 253 
2 79 247 
2 196 320 
2 271 13 
2 12 180 
3 217 326 254 
3 62 13 66 
4 62 13 66 231 
2 42 318 
2 87 135 
3 13 66 231 
3 62 13 231 
2 318 107 
3 102 154 24 
2 1 174 
3 318 155 24 
2 237 246 
4 203 217 326 254 
2 23 94 
3 105 106 94 
2 296 199 
2 164 94 
2 187 94 
3 105 101 94 
2 210 32 
3 195 174 98 
3 164 101 187 
3 210 101 78 
2 314 320 
3 32 92 97 
2 175 138 
2 176 4 
3 49 92 97 
3 203 326 254 
2 256 248 
2 157 183 
3 81 133 78 
3 271 62 13 
2 147 108 
2 256 252 
2 164 209 
3 23 318 155 
2 223 75 
2 108 153 
2 25 146 
2 61 209 
3 32 49 97 
3 49 92 4 
2 263 75 
2 168 2 
3 174 45 98 
2 147 109 
2 77 209 
2 187 191 
2 172 327 
2 271 179 
3 175 176 209 
2 256 179 
2 154 83 
2 160 106 
2 62 126 
2 62 183 
3 168 154 24 
3 207 218 296 
3 23 155 82 
2 94 279 
2 98 180 
4 168 154 103 24 
3 217 326 218 
2 12 186 
2 12 231 
2 62 186 
2 62 180 
3 326 218 296 
2 157 202 
2 192 53 
3 256 294 254 
2 248 199 
3 160 138 200 
2 125 51 
3 256 223 254 
3 207 326 296 
2 184 194 
2 159 98 
3 207 326 218 
2 74 155 
4 102 103 82 83 
2 75 82 
3 44 173 98 
2 131 107 
2 153 83 
2 154 74 
2 107 279 
2 34 279 
2 302 97 
2 27 209 
2 45 320 
3 175 176 193 
2 302 125 
3 186 51 231 
2 302 49 
2 125 180 
2 151 279 
2 52 231 
4 125 186 51 180 
2 51 304 
3 45 98 188 
2 67 44 
3 125 51 180 
2 125 231 
3 192 170 184 
2 232 187 
2 192 170 
2 125 194 
2 120 67 
3 32 97 50 
2 44 202 
2 51 194 
3 106 94 4 
2 182 178 
3 125 53 67 
2 120 183 
2 311 108 
2 43 284 
3 175 182 176 
2 54 45 
2 257 252 
2 178 193 
3 175 182 178 
2 193 309 
2 218 254 
2 202 126 
3 311 282 219 
2 231 194 
2 105 61 
3 105 106 92 
2 45 304 
3 151 75 279 
3 77 193 78 
2 226 117 
2 250 219 
3 86 87 247 
2 115 117 
4 72 124 115 117 
3 86 55 247 
3 124 115 117 
3 72 115 117 
2 91 253 
2 86 135 
3 266 284 122 
3 311 250 219 
3 276 55 247 
2 49 239 
2 135 11 
3 250 282 219 
3 87 235 261 
2 239 11 
3 164 193 78 
2 62 314 
2 122 195 
2 27 178 
2 91 49 
2 71 279 
2 319 163 
2 311 250 
2 267 123 
2 57 56 
2 138 206 
3 138 189 139 
2 139 178 
2 81 178 
3 160 189 178 
2 262 230 
2 105 87 
2 77 27 
3 75 71 279 
3 77 164 187 
2 167 75 
2 39 178 
3 168 75 153 
2 105 28 
2 64 63 
2 53 44 
2 143 321 
2 12 327 
3 53 67 44 
3 74 75 34 
3 105 28 133 
2 2 83 
2 77 207 
2 153 279 
2 186 173 
2 318 93 
2 318 75 
3 151 74 75 
3 164 28 191 
2 323 318 
3 182 176 177 
2 125 183 
3 91 12 327 
2 75 68 
2 74 68 
2 42 33 
2 327 165 
2 77 93 
3 103 83 68 
2 182 302 
2 117 126 
2 24 99 
2 210 28 
2 149 93 
2 86 44 
2 117 51 
2 20 6 
2 149 174 
2 230 174 
2 20 78 
3 256 207 234 
3 15 106 78 
2 185 231 
4 105 15 106 78 
3 5 6 125 
2 117 125 
3 223 254 296 
3 256 223 234 
3 326 254 296 
2 105 15 
2 39 78 
2 20 45 
3 210 28 133 
2 72 86 
2 133 200 
2 254 234 
2 221 28 
2 244 207 
4 54 51 231 180 
3 221 28 133 
2 210 160 
2 15 195 
2 75 45 
2 77 210 
3 51 231 180 
2 210 88 
3 210 160 189 
2 177 125 
3 302 176 206 
4 72 302 115 176 
2 72 45 
2 115 206 
2 103 159 
3 302 115 176 
2 72 302 
3 72 115 176 
2 82 94 
2 94 68 
2 81 28 
3 72 302 115 
3 106 94 92 
2 72 176 
2 15 92 
2 115 176 
2 15 94 
2 91 210 
2 321 75 
3 115 176 206 
2 115 125 
3 106 55 94 
2 2 107 
2 15 55 
2 91 15 
2 249 214 
2 132 171 
2 125 44 
2 227 212 
2 88 193 
2 10 84 
2 57 206 
2 124 115 
2 236 56 
2 54 186 
2 72 129 
3 72 115 30 
3 72 29 115 
2 105 129 
2 77 88 
4 105 10 11 92 
3 105 10 92 
4 72 29 115 30 
2 30 65 
3 88 206 193 
2 291 265 
2 10 65 
2 61 37 
2 39 114 
2 222 249 
2 295 47 
2 10 303 
2 273 287 
2 124 10 
2 285 201 
3 305 292 301 
3 134 89 90 
2 299 285 
2 280 9 
2 124 127 
2 39 73 
2 29 73 
2 85 30 
3 76 10 11 
2 210 164 
3 195 44 51 
2 299 265 
3 57 81 78 
2 139 309 
3 77 57 78 
3 209 28 178 
2 259 229 
2 39 72 
2 15 214 
2 202 188 
3 243 259 224 
2 66 317 
3 88 57 206 
2 140 307 
2 7 273 
2 249 230 
2 132 280 
3 125 44 45 
2 172 270 
2 44 98 
3 285 201 300 
2 262 109 
2 172 13 
2 163 119 
2 173 45 
2 174 185 
2 169 67 
2 323 96 
2 183 173 
2 319 155 
2 271 102 
2 144 132 
2 125 186 
2 307 301 
2 53 185 
3 7 281 303 
2 272 303 
3 258 288 265 
2 285 307 
2 320 194 
2 323 82 
2 147 157 
2 29 76 
2 249 90 
2 147 95 
2 151 275 
2 39 286 
2 196 185 
3 29 84 30 
2 280 281 
2 25 95 
2 147 68 
2 63 68 
2 42 125 
2 42 53 
2 288 281 
2 288 145 
2 122 188 
2 158 83 
2 147 45 
2 288 132 
3 29 235 30 
3 29 105 235 
2 20 229 
3 105 124 127 
2 249 229 
2 163 82 
2 168 51 
2 214 230 
2 105 56 
2 105 135 
2 105 228 
3 61 235 30 
2 288 141 
2 151 67 
2 160 209 
3 39 37 152 
3 299 280 281 
2 153 45 
2 147 231 
2 113 306 
2 64 68 
2 42 192 
2 39 170 
2 152 170 
2 227 28 
3 305 281 214 
3 305 272 281 
2 95 320 
2 111 56 
3 102 131 24 
2 187 78 
2 71 170 
2 95 68 
2 95 83 
3 77 65 127 
2 251 213 
2 168 170 
2 142 272 
2 277 322 
2 303 45 
2 124 228 
3 147 95 68 
3 95 24 68 
2 19 228 
3 258 205 141 
3 132 281 214 
3 91 10 178 
2 20 134 
3 124 19 228 
2 227 302 
2 290 166 
3 120 260 194 
2 302 129 
2 258 141 
2 166 150 
3 147 95 24 
3 158 147 24 
2 25 45 
2 27 139 
3 243 259 225 
2 281 298 
2 105 221 
3 38 187 65 
2 105 133 
2 271 318 
3 140 305 272 
2 305 214 
2 77 65 
3 7 8 303 
2 277 278 
2 168 40 
2 168 159 
3 140 142 272 
2 187 65 
2 38 187 
2 271 159 
3 158 147 95 
3 77 58 127 
2 221 187 
3 23 40 24 
3 16 123 56 
2 30 34 
2 259 249 
2 275 155 
2 39 287 
3 290 214 298 
2 227 30 
2 227 45 
2 73 51 
2 25 75 
3 23 24 159 
2 225 141 
2 264 78 
2 318 159 
2 21 45 
2 73 264 
2 23 159 
3 275 75 155 
2 138 266 
2 258 305 
3 25 275 75 
3 150 214 298 
2 305 166 
2 309 56 
3 77 135 127 
2 160 306 
2 160 84 
2 105 247 
2 187 266 
3 144 140 272 
2 287 306 
2 164 65 
2 79 27 
2 27 80 
2 120 170 
2 7 241 
2 237 111 
3 76 19 228 
3 79 27 80 
2 112 250 
2 319 75 
2 29 56 
2 29 93 
2 251 126 
3 135 187 43 
2 164 43 
3 77 105 126 
3 77 105 127 
2 111 238 
3 8 9 303 
2 79 58 
2 58 80 
2 170 260 
2 21 26 
4 77 105 164 127 
2 7 240 
4 79 27 58 80 
2 72 29 
2 266 78 
2 209 78 
2 53 170 
2 77 105 
3 79 58 80 
3 73 264 312 
2 224 28 
2 285 281 
3 77 105 164 
3 29 19 30 
2 72 19 
3 168 34 24 
3 285 281 298 
3 120 126 194 
2 222 109 
2 224 134 
3 72 124 19 
3 79 27 58 
2 285 298 
2 145 298 
2 73 312 
2 73 93 
2 77 101 
3 27 58 80 
2 8 177 
2 314 68 
2 24 159 
2 105 209 
2 5 287 
2 158 186 
2 12 68 
3 314 68 260 
2 276 61 
3 42 318 24 
3 158 95 186 
2 5 306 
3 8 39 37 
2 262 303 
2 314 165 
3 147 95 186 
4 79 27 58 193 
2 8 160 
2 212 109 
2 265 53 
2 220 228 
2 8 120 
2 302 262 
2 222 230 
4 158 147 95 186 
2 160 286 
2 209 230 
3 124 76 19 
3 258 287 205 
3 27 58 193 
2 79 193 
2 29 288 
2 105 86 
2 77 129 
3 237 111 238 
3 181 177 28 
2 299 298 
2 302 266 
2 285 141 
4 258 288 205 265 
2 295 212 
2 177 266 
2 168 131 
2 243 212 
2 277 281 
2 299 141 
2 258 303 
2 7 88 
3 14 243 225 
2 14 8 
3 144 285 145 
3 144 145 269 
3 258 288 303 
3 12 314 159 
3 302 28 206 
3 79 58 193 
3 323 75 24 
3 75 24 83 
2 88 129 
2 164 120 
2 88 21 
2 88 93 
2 314 159 
2 195 320 
3 299 132 303 
2 88 195 
2 37 125 
2 77 39 
3 79 27 121 
3 27 121 80 
3 276 240 267 
2 232 185 
3 75 153 24 
3 131 75 24 
2 121 193 
2 7 277 
4 144 285 145 269 
3 299 205 303 
3 258 205 303 
2 205 132 
3 27 121 193 
2 114 88 
2 235 125 
3 288 132 265 
3 124 19 65 
2 38 19 
3 91 76 92 
4 258 288 132 303 
3 160 138 189 
3 7 132 281 
3 7 277 132 
2 5 89 
3 8 258 288 
3 8 258 205 
3 288 265 303 
3 135 17 122 
3 75 93 24 
3 77 164 28 
4 7 277 132 281 
3 7 277 9 
2 106 30 
2 39 30 
4 258 288 265 303 
2 61 109 
2 164 266 
3 114 106 127 
3 114 106 92 
2 27 121 
2 105 66 
2 290 262 
2 73 214 
3 86 246 247 
3 144 285 269 
4 258 205 265 303 
4 79 27 121 80 
3 39 37 127 
2 271 152 
3 285 145 269 
2 88 266 
3 7 277 281 
3 277 9 281 
3 29 85 30 
4 135 266 17 56 
2 120 53 
3 299 258 205 
3 205 265 303 
3 27 187 193 
3 266 17 56 
2 7 299 
2 222 134 
4 299 258 205 265 
4 27 58 187 193 
2 120 68 
3 39 105 37 
2 246 238 
2 86 56 
2 284 245 
3 7 288 265 
2 147 99 
3 29 114 61 
3 77 191 78 
3 235 121 238 
2 228 121 
2 37 59 
3 10 59 11 
3 7 205 265 
3 77 88 78 
3 323 42 23 
2 290 272 
2 166 291 
2 258 278 
3 258 205 132 
3 205 132 303 
3 8 258 132 
3 144 299 269 
3 258 305 272 
2 232 28 
3 323 23 318 
3 131 75 34 
2 274 188 
3 131 34 82 
3 27 58 187 
2 58 178 
3 58 133 78 
2 125 188 
2 243 15 
2 162 283 
2 40 152 
3 162 26 283 
2 174 54 
2 111 121 
2 172 95 
3 140 307 301 
2 187 28 
2 258 300 
3 240 239 261 
2 267 80 
2 240 284 
2 86 121 
2 86 235 
3 135 122 80 
3 135 284 122 
3 235 239 228 
3 235 240 228 
3 266 17 247 
2 16 266 
3 264 266 247 
3 264 247 286 
2 312 261 
2 17 261 
2 86 122 
3 86 266 247 
2 264 246 
3 240 55 261 
2 55 266 
2 224 22 
3 29 61 18 
2 249 207 
3 144 8 201 
3 249 326 296 
3 249 207 296 
2 249 326 
2 148 242 
2 244 184 
2 203 195 
2 198 195 
3 243 225 212 
2 36 219 
2 82 279 
2 87 237 
2 66 54 
2 263 231 
2 263 202 
2 242 218 
2 215 263 
3 220 221 133 
2 302 221 
2 176 78 
3 302 221 58 
3 160 28 189 
3 7 273 287 
3 221 27 58 
3 285 292 301 
2 141 269 
2 318 71 
2 147 318 
3 7 305 287 
2 144 171 
2 144 293 
2 74 153 
2 150 292 
2 272 9 
2 305 9 
2 145 9 
2 164 220 
2 323 154 
2 8 291 
2 8 272 
2 310 301 
2 145 310 
3 91 101 10 
3 221 81 187 
2 196 317 
3 39 124 129 
3 39 124 127 
2 247 80 
2 124 30 
2 8 216 
3 132 9 281 
2 171 179 
3 8 215 216 
3 91 115 10 
2 158 283 
3 102 74 75 
3 105 59 92 
2 242 63 
2 293 169 
2 158 165 
2 267 179 
3 264 312 317 
2 61 146 
2 271 78 
3 61 116 93 
2 73 133 
3 114 73 106 
2 293 100 
2 95 165 
2 264 317 
2 135 179 
3 276 135 240 
3 135 240 317 
2 261 317 
2 55 78 
2 81 172 
2 33 321 
2 321 74 
2 288 100 
2 288 185 
2 146 283 
3 76 18 19 
2 158 321 
2 205 53 
2 103 321 
2 91 97 
2 101 264 
3 174 196 169 
2 33 159 
2 76 19 
2 250 119 
2 79 240 
2 264 239 
2 264 121 
2 17 121 
2 15 103 
2 264 261 
2 172 159 
2 110 286 
2 107 53 
2 114 129 
2 205 65 
2 103 231 
2 177 240 
2 244 159 
2 18 220 
3 244 297 159 
2 297 159 
2 17 267 
2 242 53 
2 32 205 
2 258 32 
2 142 198 
2 264 56 
3 258 205 171 
2 264 286 
3 207 296 234 
2 29 207 
3 242 107 53 
2 263 121 
3 215 121 216 
4 8 215 121 216 
2 121 216 
2 8 215 
2 242 107 
2 242 125 
2 256 219 
2 85 116 
2 286 56 
2 85 164 
2 101 106 
2 215 121 
2 217 219 
3 264 286 56 
3 17 286 56 
2 250 212 
2 17 286 
2 217 125 
2 326 219 
2 217 75 
3 189 139 200 
2 208 199 
2 318 172 
3 42 318 2 
3 39 256 37 
2 256 37 
2 39 256 
2 217 67 
3 12 125 53 
2 217 12 
2 217 275 
2 8 265 
3 12 125 67 
3 217 12 67 
3 12 53 67 
2 12 67 
2 12 53 
2 258 171 
3 75 125 67 
2 12 125 
2 12 75 
2 18 138 
2 116 92 
2 37 145 
2 181 39 
2 172 107 
2 137 301 
2 140 148 
3 181 39 37 
3 305 272 292 
3 158 147 270 
2 116 4 
3 273 305 272 
2 262 65 
3 116 92 4 
2 103 74 
2 65 121 
2 242 75 
2 39 68 
3 293 305 272 
3 164 191 121 
2 91 86 
3 116 127 92 
2 191 121 
2 38 281 
2 281 65 
2 39 106 
3 181 164 121 
4 8 258 205 171 
4 8 258 205 303 
2 86 264 
3 7 8 205 
3 86 264 246 
3 32 116 92 
2 8 258 
3 144 305 301 
2 86 239 
2 299 171 
3 42 318 155 
3 32 127 92 
3 7 299 265 
3 299 205 265 
2 32 127 
2 12 190 
2 147 155 
2 132 269 
2 121 24 
3 243 142 281 
2 201 150 
4 299 205 265 171 
2 30 121 
2 8 249 
2 190 51 
2 258 287 
3 164 127 121 
2 41 51 
2 76 18 
3 318 2 24 
2 321 41 
3 287 142 281 
3 287 142 313 
2 106 121 
2 62 242 
2 8 313 
2 77 243 
2 293 45 
3 10 106 59 
3 101 10 106 
3 7 8 321 
3 140 205 303 
2 243 272 
2 272 45 
4 258 288 265 171 
2 76 191 
3 168 75 155 
2 150 321 
2 265 321 
2 142 321 
2 19 191 
2 121 301 
2 8 12 
2 305 45 
3 42 318 131 
3 32 106 92 
3 32 101 76 
4 299 258 288 265 
2 33 174 
2 145 18 
2 140 12 
2 12 303 
2 166 18 
2 318 131 
3 7 8 313 
2 169 231 
2 7 186 
3 125 67 51 
2 142 301 
2 301 279 
2 293 301 
2 272 231 
2 74 169 
2 103 205 
3 318 131 24 
3 299 288 103 
2 8 288 
2 8 74 
2 132 303 
2 145 174 
2 145 100 
2 103 292 
2 299 74 
2 12 51 
2 284 56 
2 293 1 
2 103 169 
2 273 265 
2 272 265 
2 288 33 
2 145 303 
2 77 271 
3 293 142 150 
2 277 265 
2 287 196 
3 293 145 171 
2 293 287 
2 293 280 
3 7 145 166 
2 236 121 
3 305 287 281 
2 37 231 
2 288 292 
3 154 75 34 
3 57 220 58 
2 121 122 
3 186 51 170 
2 321 83 
2 168 321 
2 27 309 
3 169 186 51 
3 169 51 170 
2 58 56 
2 103 12 
2 244 243 
2 42 321 
2 7 145 
2 172 236 
2 58 17 
3 58 17 56 
2 73 174 
2 244 21 
2 251 149 
2 140 145 
2 73 100 
2 217 252 
2 73 53 
3 244 251 149 
2 135 78 
3 243 134 215 
3 134 216 298 
3 134 215 216 
4 243 134 215 298 
4 243 134 215 216 
4 134 215 216 298 
2 216 109 
2 51 126 
3 243 298 109 
3 243 134 109 
2 255 252 
3 112 134 216 
3 243 112 109 
3 243 134 213 
4 243 112 215 216 
2 239 121 
2 240 122 
3 134 215 298 
3 217 255 252 
2 213 216 
3 217 255 257 
3 243 112 215 
3 243 134 216 
3 243 134 225 
2 225 109 
3 215 214 216 
2 15 109 
2 169 194 
3 134 225 109 
2 188 194 
3 15 249 225 
3 68 188 194 
3 169 188 194 
2 217 298 
2 7 307 
2 112 306 
2 105 188 
3 276 16 123 
3 276 135 123 
3 276 135 187 
3 135 16 187 
2 187 111 
2 135 187 
3 276 187 123 
3 276 111 123 
3 209 28 133 
3 16 123 245 
3 276 43 123 
3 276 187 43 
3 276 187 245 
3 16 43 123 
2 232 220 
3 135 187 245 
3 276 187 111 
3 135 187 111 
3 276 135 111 
2 16 187 
2 58 28 
3 187 123 245 
4 276 187 111 245 
3 302 58 206 
3 58 209 206 
3 276 123 245 
3 302 58 209 
3 58 209 28 
3 276 135 245 
3 135 187 123 
4 276 135 187 123 
3 57 58 127 
3 302 58 127 
2 209 127 
3 49 10 97 
2 58 127 
2 65 129 
2 18 65 
3 302 206 127 
3 58 206 127 
2 206 127 
3 302 209 206 
3 302 209 133 
2 49 76 
3 209 28 206 
2 312 121 
4 302 209 28 206 
2 105 174 
3 105 174 188 
2 105 179 
3 105 174 100 
2 121 247 
4 276 135 236 56 
2 19 129 
3 105 179 188 
3 124 19 129 
2 276 238 
2 112 207 
2 317 51 
2 105 235 
2 264 80 
4 302 58 209 206 
3 217 226 207 
2 79 264 
3 276 187 56 
2 237 56 
3 103 13 159 
2 96 159 
2 89 62 
3 86 264 247 
2 96 314 
2 206 200 
3 181 139 200 
2 138 121 
2 181 302 
2 138 81 
3 81 206 78 
2 186 317 
2 21 306 
3 86 264 286 
2 302 138 
3 62 63 231 
3 105 169 188 
3 115 129 117 
3 77 164 134 
2 77 298 
2 77 262 
2 191 306 
2 135 238 
2 134 191 
2 112 191 
2 165 63 
3 135 111 238 
3 276 135 238 
2 306 47 
3 111 238 56 
2 25 118 
2 87 198 
3 317 51 126 
3 19 129 117 
2 77 138 
2 314 119 
2 105 18 
2 106 188 
2 106 218 
2 218 126 
2 187 218 
2 193 45 
2 27 138 
3 276 135 56 
3 85 114 101 
3 72 124 117 
3 135 236 111 
3 115 106 30 
3 105 76 11 
2 37 84 
3 76 10 92 
3 10 59 92 
2 39 117 
2 105 116 
3 73 115 116 
3 101 11 97 
3 11 92 97 
3 91 101 92 
2 25 156 
3 77 164 27 
3 29 105 114 
3 276 111 238 
2 87 239 
2 77 309 
3 79 121 245 
2 135 237 
3 276 135 55 
2 235 55 
2 264 228 
2 87 238 
2 276 237 
3 87 239 261 
3 276 238 56 
2 237 236 
2 38 129 
2 256 149 
2 62 283 
2 256 251 
3 77 27 138 
3 164 187 28 
2 27 200 
2 78 200 
2 138 28 
2 221 200 
3 305 287 171 
2 221 189 
3 210 81 78 
2 8 269 
2 145 265 
2 201 145 
3 7 285 313 
3 166 272 265 
3 210 220 78 
4 305 145 166 142 
2 220 176 
3 305 145 166 
3 168 201 154 
2 42 102 
3 323 155 24 
3 145 205 280 
2 145 132 
2 285 184 
2 285 149 
3 299 145 166 
3 299 288 145 
3 144 299 145 
2 144 288 
2 256 257 
3 151 75 153 
2 8 219 
3 7 132 265 
2 207 257 
3 305 303 301 
3 7 8 265 
3 8 132 265 
2 142 326 
4 7 8 132 265 
3 287 171 301 
2 271 305 
2 303 301 
2 8 322 
3 273 303 301 
3 169 317 188 
2 62 25 
2 25 231 
2 103 314 
3 256 255 207 
2 146 118 
2 140 248 
2 263 118 
3 244 285 149 
2 262 12 
3 285 148 12 
2 285 12 
2 12 184 
2 157 118 
2 12 263 
2 147 93 
2 21 148 
3 285 148 149 
2 255 263 
3 251 285 149 
2 211 306 
2 89 47 
2 112 211 
3 169 44 126 
3 169 317 44 
3 317 44 126 
3 305 280 301 
3 285 148 159 
3 169 44 188 
3 135 110 56 
2 205 298 
3 79 135 121 
2 210 178 
2 148 252 
3 29 85 84 
2 30 127 
3 326 218 68 
2 73 124 
2 81 191 
2 27 78 
2 77 206 
2 43 133 
2 43 78 
2 85 266 
2 17 78 
3 91 115 116 
2 91 61 
2 100 274 
3 37 76 19 
3 227 225 295 
2 57 123 
3 174 100 274 
2 114 101 
3 37 19 116 
3 305 205 301 
2 91 39 
2 179 274 
2 164 224 
2 15 116 
2 215 90 
2 217 68 
2 114 78 
2 91 199 
2 90 216 
3 273 285 272 
3 305 205 303 
2 227 295 
2 37 10 
2 207 68 
3 105 76 10 
2 10 127 
3 256 207 68 
2 160 56 
2 295 109 
2 243 218 
3 105 49 18 
2 218 71 
3 44 126 188 
3 105 236 111 
3 49 236 111 
3 227 225 109 
2 217 262 
4 105 49 236 111 
2 19 111 
3 75 174 274 
2 75 274 
3 227 251 225 
2 160 321 
2 28 306 
3 262 215 216 
3 114 116 80 
2 218 186 
2 181 19 
2 232 40 
4 174 169 317 126 
2 166 19 
2 116 80 
2 18 239 
2 61 245 
2 105 117 
2 88 116 
2 15 49 
3 15 49 117 
3 258 166 205 
2 12 245 
3 258 145 166 
2 61 56 
2 114 123 
2 159 245 
2 29 225 
3 227 290 225 
2 251 295 
2 72 49 
2 49 117 
2 293 225 
3 218 71 153 
2 227 293 
2 158 243 
2 290 225 
3 227 293 225 
2 172 119 
2 87 49 
2 87 15 
2 76 123 
3 105 15 49 
2 151 107 
2 208 68 
2 255 68 
2 252 68 
2 223 143 
2 20 89 
2 207 252 
2 319 25 
3 207 252 68 
2 222 211 
2 181 58 
2 205 315 
2 182 191 
3 181 182 191 
2 86 245 
3 120 100 51 
3 77 164 88 
3 164 88 78 
3 164 88 57 
3 195 120 51 
3 95 270 159 
3 195 67 98 
2 67 317 
2 90 47 
2 285 315 
2 286 245 
2 110 236 
2 287 278 
2 144 316 
3 140 142 301 
2 295 90 
3 142 301 313 
2 249 6 
3 222 249 6 
3 5 6 214 
3 144 8 316 
3 115 106 4 
2 281 322 
3 115 59 116 
4 29 115 59 116 
3 184 98 320 
3 68 184 320 
3 68 317 320 
2 31 30 
2 31 29 
2 148 257 
2 38 30 
2 31 115 
2 297 282 
2 170 320 
2 140 291 
2 299 272 
3 29 30 116 
3 112 134 113 
2 169 320 
2 153 82 
3 222 6 214 
3 222 6 213 
2 14 90 
2 168 127 
2 8 208 
2 227 21 
2 200 309 
3 115 30 116 
2 156 119 
3 213 113 197 
3 105 76 75 
2 209 92 
2 22 197 
2 42 279 
2 53 183 
2 227 90 
2 113 90 
3 175 187 127 
2 233 170 
2 103 177 
3 293 150 171 
4 160 88 57 189 
2 20 211 
2 75 252 
2 149 45 
3 323 177 209 
3 53 183 45 
2 149 119 
3 175 164 187 
3 160 88 57 
2 61 309 
2 77 182 
2 77 179 
2 205 109 
3 258 205 272 
2 323 209 
2 147 58 
2 238 245 
3 103 177 209 
2 175 229 
3 7 233 303 
2 156 45 
2 213 170 
2 27 238 
2 42 63 
2 175 132 
4 77 175 164 187 
2 263 143 
2 217 213 
2 168 182 
2 227 150 
3 131 82 83 
2 252 194 
2 218 216 
3 182 177 209 
2 88 5 
2 88 213 
2 84 110 
3 126 98 320 
2 249 141 
2 27 127 
2 149 252 
3 7 112 229 
2 323 279 
2 153 183 
2 79 226 
2 176 240 
2 223 51 
2 121 192 
3 145 166 171 
3 77 175 58 
2 141 295 
2 168 172 
3 79 135 80 
2 233 229 
2 287 214 
3 323 168 23 
3 168 172 153 
3 168 23 172 
2 276 58 
3 87 176 240 
2 79 263 
2 84 58 
2 251 219 
2 272 313 
2 263 80 
2 7 121 
4 323 168 23 172 
3 12 119 196 
2 217 322 
2 296 219 
2 287 219 
2 265 281 
2 115 76 
2 7 229 
3 323 168 172 
2 258 132 
3 29 76 30 
3 285 148 36 
2 148 287 
3 244 251 36 
3 244 251 148 
2 323 172 
2 149 53 
2 217 287 
2 172 279 
3 258 305 292 
2 287 296 
2 280 109 
2 219 45 
4 244 251 285 148 
3 167 219 45 
2 103 192 
2 136 307 
2 162 245 
2 168 279 
2 276 27 
2 132 265 
3 174 317 98 
2 124 97 
2 167 219 
2 167 45 
2 116 245 
2 103 66 
3 103 192 183 
2 119 196 
3 265 281 322 
2 114 283 
2 256 312 
4 115 116 246 245 
3 169 98 320 
2 127 97 
3 177 28 266 
2 222 150 
3 209 28 266 
3 116 246 245 
2 171 313 
2 136 265 
2 265 322 
3 144 272 265 
2 287 213 
3 66 192 183 
2 209 228 
2 135 57 
2 266 178 
2 98 188 
2 222 213 
2 250 117 
2 249 252 
3 179 98 188 
2 299 281 
2 12 260 
2 256 287 
2 120 98 
3 77 276 58 
3 77 276 164 
3 144 272 280 
3 299 205 281 
3 317 173 98 
2 23 279 
4 182 177 209 28 
2 255 296 
2 249 9 
3 21 5 89 
3 175 57 27 
3 317 126 98 
3 21 5 113 
3 251 285 36 
2 287 109 
2 77 73 
2 221 27 
3 14 104 109 
2 42 242 
2 299 280 
2 21 150 
2 189 133 
2 167 186 
4 299 258 280 136 
2 221 228 
3 168 147 83 
2 287 207 
3 299 258 280 
3 258 280 136 
2 287 257 
2 88 121 
2 291 171 
2 121 94 
2 244 287 
2 38 121 
3 148 257 297 
3 14 5 109 
2 287 248 
4 168 147 153 83 
3 142 136 171 
2 257 297 
4 244 285 148 36 
2 42 151 
2 258 142 
2 164 182 
2 287 249 
3 162 172 26 
3 162 167 26 
2 240 206 
3 179 186 317 
3 147 153 83 
3 8 233 313 
3 277 136 171 
3 182 177 28 
2 291 281 
2 249 296 
3 317 126 188 
3 14 5 113 
3 158 162 172 
3 158 162 167 
3 158 172 63 
2 222 89 
2 151 83 
2 162 167 
2 135 197 
2 89 109 
2 20 150 
2 223 219 
2 287 291 
2 249 223 
2 7 276 
2 7 80 
2 158 156 
3 5 89 104 
2 207 308 
2 311 207 
3 311 303 310 
3 20 21 150 
3 20 224 150 
2 26 63 
2 222 104 
2 151 82 
3 258 145 280 
2 291 280 
2 136 313 
2 156 196 
3 14 89 104 
2 162 146 
3 222 89 104 
2 181 209 
2 120 186 
2 277 272 
2 207 303 
3 258 166 280 
2 242 170 
2 187 312 
3 145 287 291 
2 7 249 
2 25 119 
2 202 320 
2 299 301 
2 277 258 
3 196 184 45 
2 166 280 
2 291 136 
3 14 5 89 
3 54 186 180 
2 217 297 
2 145 291 
3 196 317 126 
2 222 113 
2 162 172 
2 172 64 
3 145 272 136 
2 53 45 
2 249 197 
3 54 231 180 
2 188 320 
3 14 5 104 
3 8 272 136 
2 316 272 
3 258 305 301 
3 71 82 194 
2 242 326 
2 196 192 
2 48 148 
2 144 291 
2 144 141 
2 168 83 
2 66 179 
3 192 67 98 
2 303 257 
2 82 194 
2 150 141 
3 7 136 303 
4 176 177 209 206 
3 174 67 98 
3 8 287 171 
2 250 152 
3 317 185 126 
3 237 110 228 
3 177 28 206 
3 186 231 180 
2 277 141 
3 287 150 280 
2 48 252 
3 186 184 45 
2 147 82 
2 207 219 
3 217 223 310 
3 272 265 281 
3 5 89 197 
2 36 252 
4 14 5 89 197 
3 5 112 197 
2 228 238 
2 217 310 
3 103 131 83 
3 103 131 82 
2 26 120 
2 14 222 
2 277 313 
2 33 83 
2 150 136 
2 327 26 
2 203 248 
3 144 272 136 
2 25 12 
3 168 147 75 
2 53 194 
2 150 272 
2 82 107 
2 102 45 
3 134 216 104 
4 323 168 23 102 
2 214 229 
2 20 197 
3 276 79 239 
2 20 251 
3 168 23 71 
2 7 136 
3 7 277 272 
3 243 134 89 
2 147 102 
4 79 135 284 121 
2 280 322 
4 135 284 17 121 
2 310 219 
2 316 136 
3 243 227 89 
3 293 136 303 
2 242 257 
3 144 272 281 
2 111 228 
4 299 280 136 303 
2 23 75 
2 228 253 
2 23 103 
2 222 112 
2 42 103 
2 217 242 
2 253 261 
3 7 280 303 
2 276 312 
3 102 75 107 
3 318 102 107 
2 141 292 
2 110 261 
4 14 243 89 197 
3 168 33 103 
3 299 136 281 
3 280 281 303 
4 79 110 261 245 
3 293 280 281 
3 7 293 281 
3 233 293 281 
3 240 110 228 
2 272 307 
3 240 110 261 
2 299 292 
2 222 214 
2 202 194 
2 48 298 
3 323 168 33 
2 39 121 
3 243 20 21 
3 14 243 21 
2 25 63 
2 22 104 
2 67 51 
3 6 214 109 
2 31 121 
3 192 67 51 
3 7 132 9 
3 81 191 78 
2 175 81 
2 27 81 
2 175 206 
3 18 84 60 
3 31 121 94 
3 77 133 178 
2 57 178 
3 210 164 178 
2 175 210 
2 21 295 
3 77 164 178 
3 77 160 164 
3 160 164 88 
3 14 20 21 
2 160 187 
2 138 133 
2 46 90 
3 38 127 121 
2 210 200 
2 77 139 
2 120 192 
2 14 295 
2 57 139 
2 57 138 
3 53 54 180 
2 189 200 
3 287 292 301 
3 287 142 301 
2 62 172 
2 158 314 
2 13 156 
2 316 299 
2 290 301 
2 183 126 
3 145 166 303 
2 8 281 
2 185 194 
2 57 209 
2 53 126 
3 14 21 90 
2 197 298 
3 89 113 298 
3 8 9 292 
2 100 53 
3 134 197 104 
2 213 281 
2 205 278 
2 134 214 
2 316 132 
2 132 313 
3 42 24 279 
3 281 214 298 
2 258 315 
2 134 303 
2 227 303 
3 168 102 33 
2 103 68 
2 136 298 
2 233 298 
2 285 9 
2 171 196 
3 132 298 109 
2 285 132 
2 132 298 
2 258 196 
2 33 172 
2 229 45 
2 103 196 
2 86 123 
2 228 245 
2 314 171 
2 103 265 
2 266 111 
2 89 215 
3 263 296 219 
2 233 68 
2 258 103 
2 21 205 
2 271 40 
2 40 279 
3 168 271 24 
3 323 24 279 
2 205 196 
3 31 70 97 
2 244 219 
2 308 218 
2 258 21 
2 258 314 
3 207 326 219 
2 198 282 
2 311 198 
2 21 103 
2 198 219 
2 103 279 
2 323 103 
2 88 120 
2 182 232 
3 168 154 33 
3 91 76 59 
3 71 196 68 
2 71 196 
2 132 51 
3 174 196 51 
3 196 186 184 
3 196 186 51 
3 196 51 184 
2 168 318 
3 174 196 186 
2 71 184 
2 192 186 
2 172 51 
2 251 21 
2 186 183 
2 169 52 
3 196 192 186 
3 196 192 184 
2 132 150 
2 7 131 
2 68 52 
3 174 68 51 
2 83 174 
2 277 150 
2 303 75 
2 7 216 
2 299 229 
2 251 113 
3 7 299 229 
2 134 136 
3 305 291 301 
3 249 113 197 
3 14 249 197 
3 14 113 197 
2 132 214 
2 197 109 
2 251 197 
2 134 278 
2 7 288 
2 216 197 
2 174 53 
3 75 24 279 
3 214 292 301 
2 201 280 
3 112 249 113 
2 314 26 
3 29 76 59 
3 179 51 188 
3 120 196 51 
3 39 61 129 
2 237 261 
3 120 196 169 
2 18 106 
2 120 317 
3 73 18 30 
2 37 18 
3 203 217 218 
3 7 205 171 
3 169 317 51 
3 196 169 51 
3 243 112 216 
2 72 59 
2 114 59 
2 114 32 
3 85 76 10 
2 115 70 
3 72 115 116 
2 20 240 
2 60 117 
2 111 97 
2 72 60 
3 112 249 214 
3 91 61 10 
2 312 51 
2 19 121 
2 117 173 
2 60 312 
2 326 310 
2 205 9 
2 218 310 
2 303 282 
2 263 303 
2 222 263 
2 311 149 
2 121 123 
2 82 51 
3 100 179 317 
2 256 148 
2 244 252 
2 223 297 
2 311 272 
2 244 223 
2 244 174 
3 244 148 297 
2 271 51 
2 271 52 
2 288 136 
2 112 214 
2 198 257 
2 244 121 
3 168 147 33 
3 168 33 153 
3 224 211 229 
2 112 109 
3 112 6 214 
2 79 94 
2 297 184 
2 244 51 
2 255 326 
2 61 264 
3 255 198 219 
2 230 212 
2 148 184 
2 46 295 
2 21 211 
2 285 136 
2 222 298 
3 222 249 211 
2 48 90 
3 271 51 52 
3 244 297 184 
3 244 148 184 
2 210 263 
3 210 221 121 
2 6 306 
2 182 264 
3 176 28 133 
2 177 264 
2 79 86 
2 177 239 
2 66 192 
2 154 2 
2 101 111 
2 18 4 
2 19 4 
2 210 85 
2 150 269 
2 105 83 
2 154 82 
3 256 207 296 
2 318 82 
3 106 59 4 
2 153 219 
2 40 153 
2 85 19 
3 318 154 279 
2 48 215 
3 1 74 153 
2 321 279 
3 154 33 153 
2 271 33 
3 147 153 34 
2 74 107 
3 271 102 83 
3 271 154 33 
3 318 33 153 
3 277 299 288 
2 318 153 
2 271 154 
3 271 318 33 
3 102 153 83 
3 203 217 149 
2 34 83 
2 244 257 
2 203 257 
3 175 302 80 
2 175 312 
2 314 283 
3 85 106 4 
2 61 302 
2 61 312 
2 61 80 
3 5 222 214 
3 105 106 129 
3 106 129 4 
2 302 59 
2 175 106 
3 244 148 219 
3 85 129 4 
2 61 228 
2 42 40 
2 131 40 
2 5 230 
3 299 288 272 
2 243 230 
3 243 20 230 
2 288 285 
2 111 284 
2 73 101 
2 48 229 
2 326 282 
2 223 257 
2 124 236 
2 326 223 
2 68 317 
2 5 211 
3 79 284 121 
2 20 212 
2 228 44 
3 14 222 249 
2 303 53 
2 280 67 
2 248 229 
2 157 13 
2 26 68 
2 26 13 
2 233 142 
2 46 298 
2 162 157 
3 134 89 113 
2 152 83 
3 158 172 95 
2 87 312 
2 210 59 
2 240 94 
2 295 229 
2 146 95 
3 207 326 257 
2 5 298 
2 12 317 
2 113 212 
2 12 100 
2 12 169 
2 5 229 
3 5 230 197 
2 113 216 
2 14 212 
3 5 89 230 
2 222 212 
2 113 230 
2 306 104 
3 14 112 89 
2 237 253 
2 87 189 
2 251 6 
2 88 94 
2 106 261 
2 106 240 
2 160 94 
3 106 240 261 
3 175 302 261 
3 175 240 261 
2 14 213 
2 67 188 
2 249 80 
2 9 313 
2 167 270 
2 39 174 
2 250 53 
2 15 229 
2 316 258 
2 316 205 
2 287 132 
2 210 250 
2 250 240 
2 298 317 
3 7 258 132 
